function_count	owner
74	Widget
62	DisplayList
51	Text
45	GibbonApplication
37	GibbonBridge
35	Player
34	Screen
27	Style
26	OpenGLContext
26	GraphicsEngine
26	Image
24	Font
23	Surface
23	GraphicsEngine*, netflix::gibbon::DisplayList::Command
20	DisplayList::Command
19	SurfaceCache
18	WidgetBridge
17	SurfaceSource
16	ImageBridge
16	Transform
15	GibbonEventLoop
15	GibbonScriptBindings
15	Effect
14	GlyphCache
13	EffectDiff
13	EffectMask
13	OpenGLShader
13	GibbonConsole
13	GibbonDebuggerBridge
13	Surface::Data
12	EffectTrail
11	EffectBlur
11	TextBridge
11	OpenGLState
11	EffectBridge
10	EffectShader
10	GibbonBaseBridge
10	Animation
9	GRPCBridge
9	TextLayout
9	GlyphString
9	PlayerBridge
9	SurfaceCache::DecodeJob
9	ThreadsBridge
9	GibbonResource
9	GibbonDiskCache
9	SurfaceDecoders
9	TextWordBreakRuns
9	Surface::Controller
8	GlyphCache::Data
8	ScreenBridge
8	ThreadBridge
8	OpenGLProgram
8	TextureShader
8	TextLayoutLineIterator
8	ScriptRun
8	SizeCache
7	EffectTint
7	DataURIEvent
7	OpenGLShader::Part
7	SurfaceSource::WidgetListener
7	FreetypeMemory
7	EffectChromaKey
7	EffectTintGLES2
7	EffectDesaturate
7	EffectShaderGLES2
7	EffectChromaKeyGLES2
7	EffectDesaturateGLES2
7	GibbonResourceManager
7	ShaderEffectGLES2Command
7	Widget::Listener
7	VBOShader
6	EffectNull
6	FillShader
6	SurfaceCache::StartDecodeJobs
6	TextureShader::RGBMaskPart
6	TextureShader::ColorizePart
6	SurfaceDecoder::DecodeInfo
6	EffectBlurGLES2
6	GibbonBridgeTimer
6	SurfaceLoadSource
6	GibbonEventConnection::GibbonJSEvent
6	BlurEffectGLES2Command
6	GibbonScriptStatsEvent
6	ImageSurfaceDecodedEvent
6	OpenGLShaderManagerCommand
6	GibbonEventLoopAutoReleaseTimer
6	Effect::Renderer
6	VBOShader::RGBMaskPart
6	VBOShader::ColorizePart
6	VBOShader::RGBBicubicPart
6	VBOShader::A8Part
5	GlyphCache::Scope
5	RectShader
5	TextBridge::TextListener
5	CursorTimer
5	FontManager
5	GLReadEvent
5	GibbonEvent
5	PrivateBase
5	SurfaceCache::LoadJob
5	ThreadBridge::Thread
5	DebuggerEvent
5	RGBSamplePart
5	SurfaceLoader
5	TextureShader::RGBPart
5	DumpAllocTimer
5	GraphicsEngine::Operation
5	KeyRepeatTimer
5	TextLayoutLine
5	AnimationObject
5	GibbonBridgeTask
5	MouseChangeEvent
5	DrawGlyphsCommand
5	GibbonConsoleSink
5	GibbonJSSyncEvent
5	RGBMaskSamplePart
5	SurfaceDecoderDDS
5	SurfaceDecoderKTX
5	SurfaceDecoderPNG
5	SurfaceDecoderSNG
5	TextDirectionRuns
5	QueuedRequestEvent
5	SurfaceDecoderJPEG
5	SurfaceDecoderMSKD
5	SurfaceDecoderWebP
5	GibbonCookieManager
5	SurfaceDecoderSpine
5	GibbonConsoleJSEvent
5	GibbonEventConnection
5	GibbonSetSuspendedEvent
5	ImageSurfaceDownloadedEvent
5	OpenGLShaderManagerRenderer
5	DebuggerInstrumentationEvent
5	GibbonEventLoopAutoRepeatTimer
5	Text::Listener
5	Locale
5	Widget::Recurse
5	GCTimer
5	OpenGLFBO
5	VBOShader::RGBPart
5	Style>, std::allocator<std::shared_ptr<netflix::gibbon::Style> > >
5	EffectBlur::DefaultRenderer*, (__gnu_cxx::_Lock_policy)2>
5	EffectBlur*, (__gnu_cxx::_Lock_policy)2>
5	EffectDiff::DefaultRenderer*, (__gnu_cxx::_Lock_policy)2>
5	EffectDiff*, (__gnu_cxx::_Lock_policy)2>
5	EffectMask::DefaultRenderer*, (__gnu_cxx::_Lock_policy)2>
5	EffectMask*, (__gnu_cxx::_Lock_policy)2>
5	EffectNull::DefaultRenderer*, (__gnu_cxx::_Lock_policy)2>
5	EffectNull*, (__gnu_cxx::_Lock_policy)2>
5	EffectTint::DefaultRenderer*, (__gnu_cxx::_Lock_policy)2>
5	EffectTint*, (__gnu_cxx::_Lock_policy)2>
5	FillShader*, (__gnu_cxx::_Lock_policy)2>
5	FrameGraph*, (__gnu_cxx::_Lock_policy)2>
5	GRPCBridge*, (__gnu_cxx::_Lock_policy)2>
5	GlyphCache::Data*, (__gnu_cxx::_Lock_policy)2>
5	GlyphCache*, (__gnu_cxx::_Lock_policy)2>
5	InputEvent*, (__gnu_cxx::_Lock_policy)2>
5	LineShader*, (__gnu_cxx::_Lock_policy)2>
5	TextBridge::TextListener*, (__gnu_cxx::_Lock_policy)2>
5	TextBridge*, (__gnu_cxx::_Lock_policy)2>
5	CursorTimer*, (__gnu_cxx::_Lock_policy)2>
5	DisplayList::Command*, (__gnu_cxx::_Lock_policy)2>
5	DisplayList*, (__gnu_cxx::_Lock_policy)2>
5	EffectTrail::DefaultRenderer*, (__gnu_cxx::_Lock_policy)2>
5	EffectTrail::Data::Temporal*, (__gnu_cxx::_Lock_policy)2>
5	EffectTrail*, (__gnu_cxx::_Lock_policy)2>
5	FontManager::FontRegistryItem*, (__gnu_cxx::_Lock_policy)2>
5	GLReadEvent*, (__gnu_cxx::_Lock_policy)2>
5	GlyphString*, (__gnu_cxx::_Lock_policy)2>
5	ImageBridge*, (__gnu_cxx::_Lock_policy)2>
5	DataURIEvent*, (__gnu_cxx::_Lock_policy)2>
5	EffectBridge*, (__gnu_cxx::_Lock_policy)2>
5	EffectShader::Data::Vertex::Data::GL*, (__gnu_cxx::_Lock_policy)2>
5	EffectShader::Data::Vertex::Buffer*, (__gnu_cxx::_Lock_policy)2>
5	EffectShader::Data::Vertex::Indices*, (__gnu_cxx::_Lock_policy)2>
5	EffectSource::Listener*, (__gnu_cxx::_Lock_policy)2>
5	FreetypeFace*, (__gnu_cxx::_Lock_policy)2>
5	FreetypeSize*, (__gnu_cxx::_Lock_policy)2>
5	GibbonBridge*, (__gnu_cxx::_Lock_policy)2>
5	PlayerBridge*, (__gnu_cxx::_Lock_policy)2>
5	ScreenBridge*, (__gnu_cxx::_Lock_policy)2>
5	SurfaceCache::StartDecodeJobs*, (__gnu_cxx::_Lock_policy)2>
5	SurfaceCache::LoadJob*, (__gnu_cxx::_Lock_policy)2>
5	SurfaceCache::DecodeJob*, (__gnu_cxx::_Lock_policy)2>
5	SurfaceCache*, (__gnu_cxx::_Lock_policy)2>
5	ThreadBridge::Thread*, (__gnu_cxx::_Lock_policy)2>
5	ThreadBridge*, (__gnu_cxx::_Lock_policy)2>
5	WidgetBridge::WidgetListener*, (__gnu_cxx::_Lock_policy)2>
5	WidgetBridge*, (__gnu_cxx::_Lock_policy)2>
5	DebuggerEvent*, (__gnu_cxx::_Lock_policy)2>
5	GibbonConsole*, (__gnu_cxx::_Lock_policy)2>
5	OpenGLContext*, (__gnu_cxx::_Lock_policy)2>
5	OpenGLProgram*, (__gnu_cxx::_Lock_policy)2>
5	RGBSamplePart*, (__gnu_cxx::_Lock_policy)2>
5	SurfaceLoader*, (__gnu_cxx::_Lock_policy)2>
5	SurfaceSource::ImageListener*, (__gnu_cxx::_Lock_policy)2>
5	SurfaceSource::WidgetListener*, (__gnu_cxx::_Lock_policy)2>
5	SurfaceSource*, (__gnu_cxx::_Lock_policy)2>
5	TextLocaleRun*, (__gnu_cxx::_Lock_policy)2>
5	TextScriptRun*, (__gnu_cxx::_Lock_policy)2>
5	TextureShader::RGBMaskPart*, (__gnu_cxx::_Lock_policy)2>
5	TextureShader::ColorizePart*, (__gnu_cxx::_Lock_policy)2>
5	TextureShader::RGBPart*, (__gnu_cxx::_Lock_policy)2>
5	TextureShader*, (__gnu_cxx::_Lock_policy)2>
5	ThreadsBridge*, (__gnu_cxx::_Lock_policy)2>
5	DumpAllocTimer*, (__gnu_cxx::_Lock_policy)2>
5	GibbonResource*, (__gnu_cxx::_Lock_policy)2>
5	KeyRepeatTimer*, (__gnu_cxx::_Lock_policy)2>
5	LoadJobRequest*, (__gnu_cxx::_Lock_policy)2>
5	EffectBlurGLES2::GLES2Renderer*, (__gnu_cxx::_Lock_policy)2>
5	EffectBlurGLES2::Shader*, (__gnu_cxx::_Lock_policy)2>
5	EffectBlurGLES2*, (__gnu_cxx::_Lock_policy)2>
5	EffectChromaKey::DefaultRenderer*, (__gnu_cxx::_Lock_policy)2>
5	EffectChromaKey*, (__gnu_cxx::_Lock_policy)2>
5	EffectTintGLES2*, (__gnu_cxx::_Lock_policy)2>
5	GibbonDiskCache*, (__gnu_cxx::_Lock_policy)2>
5	GibbonEventLoop*, (__gnu_cxx::_Lock_policy)2>
5	SurfaceDecoders*, (__gnu_cxx::_Lock_policy)2>
5	EffectDesaturate::DefaultRenderer*, (__gnu_cxx::_Lock_policy)2>
5	EffectDesaturate*, (__gnu_cxx::_Lock_policy)2>
5	GibbonBridgeTask*, (__gnu_cxx::_Lock_policy)2>
5	OpenGLDisplayEGL*, (__gnu_cxx::_Lock_policy)2>
5	TextAttributeRun*, (__gnu_cxx::_Lock_policy)2>
5	TextDirectionRun*, (__gnu_cxx::_Lock_policy)2>
5	DrawGlyphsCommand*, (__gnu_cxx::_Lock_policy)2>
5	EffectShaderGLES2::GLES2Renderer*, (__gnu_cxx::_Lock_policy)2>
5	EffectShaderGLES2::Shader*, (__gnu_cxx::_Lock_policy)2>
5	EffectShaderGLES2*, (__gnu_cxx::_Lock_policy)2>
5	FontManagerDumper*, (__gnu_cxx::_Lock_policy)2>
5	GibbonBridgeTimer*, (__gnu_cxx::_Lock_policy)2>
5	GibbonConsoleSink*, (__gnu_cxx::_Lock_policy)2>
5	GibbonJSSyncEvent*, (__gnu_cxx::_Lock_policy)2>
5	RGBMaskSamplePart*, (__gnu_cxx::_Lock_policy)2>
5	SurfaceDecoderDDS*, (__gnu_cxx::_Lock_policy)2>
5	SurfaceDecoderKTX*, (__gnu_cxx::_Lock_policy)2>
5	SurfaceDecoderPNG*, (__gnu_cxx::_Lock_policy)2>
5	SurfaceDecoderSNG*, (__gnu_cxx::_Lock_policy)2>
5	ImageSurfaceLoader*, (__gnu_cxx::_Lock_policy)2>
5	SurfaceCacheDumper*, (__gnu_cxx::_Lock_policy)2>
5	SurfaceDecoderJPEG*, (__gnu_cxx::_Lock_policy)2>
5	SurfaceDecoderMSKD*, (__gnu_cxx::_Lock_policy)2>
5	SurfaceDecoderWebP*, (__gnu_cxx::_Lock_policy)2>
5	SyncObjectListener*, (__gnu_cxx::_Lock_policy)2>
5	TextObjectListener*, (__gnu_cxx::_Lock_policy)2>
5	GibbonBridgeRequest*, (__gnu_cxx::_Lock_policy)2>
5	GibbonCookieManager*, (__gnu_cxx::_Lock_policy)2>
5	OpenGLShadersDumper*, (__gnu_cxx::_Lock_policy)2>
5	SurfaceDecoderSpine*, (__gnu_cxx::_Lock_policy)2>
5	EffectChromaKeyGLES2*, (__gnu_cxx::_Lock_policy)2>
5	GibbonConsoleJSEvent*, (__gnu_cxx::_Lock_policy)2>
5	GibbonDebuggerBridge*, (__gnu_cxx::_Lock_policy)2>
5	GibbonScriptBindings*, (__gnu_cxx::_Lock_policy)2>
5	EffectDesaturateGLES2*, (__gnu_cxx::_Lock_policy)2>
5	GibbonEventConnection::GibbonJSEvent*, (__gnu_cxx::_Lock_policy)2>
5	GibbonEventConnection*, (__gnu_cxx::_Lock_policy)2>
5	GibbonResourceManager*, (__gnu_cxx::_Lock_policy)2>
5	GibbonResourceRequest*, (__gnu_cxx::_Lock_policy)2>
5	BlurEffectGLES2Command*, (__gnu_cxx::_Lock_policy)2>
5	GibbonScriptStatsEvent*, (__gnu_cxx::_Lock_policy)2>
5	SurfaceDecoderPlatform*, (__gnu_cxx::_Lock_policy)2>
5	DebuggerInstrumentation*, (__gnu_cxx::_Lock_policy)2>
5	GibbonRunBenchmarkEvent*, (__gnu_cxx::_Lock_policy)2>
5	GibbonSetSuspendedEvent*, (__gnu_cxx::_Lock_policy)2>
5	ImageSurfaceDecodedEvent*, (__gnu_cxx::_Lock_policy)2>
5	ShaderEffectGLES2Command*, (__gnu_cxx::_Lock_policy)2>
5	GibbonConsoleCommandEvent*, (__gnu_cxx::_Lock_policy)2>
5	ImageSurfaceDownloadedEvent*, (__gnu_cxx::_Lock_policy)2>
5	OpenGLShaderManagerRenderer*, (__gnu_cxx::_Lock_policy)2>
5	DebuggerInstrumentationEvent*, (__gnu_cxx::_Lock_policy)2>
5	GibbonEventLoopAutoRepeatTimer*, (__gnu_cxx::_Lock_policy)2>
5	GibbonEventLoopAutoReleaseTimer*, (__gnu_cxx::_Lock_policy)2>
5	GibbonScriptBindingsLoadRequest*, (__gnu_cxx::_Lock_policy)2>
5	Font::RenderData*, (__gnu_cxx::_Lock_policy)2>
5	Font*, (__gnu_cxx::_Lock_policy)2>
5	Ruby*, (__gnu_cxx::_Lock_policy)2>
5	Text*, (__gnu_cxx::_Lock_policy)2>
5	Image*, (__gnu_cxx::_Lock_policy)2>
5	Style*, (__gnu_cxx::_Lock_policy)2>
5	Effect::Renderer*, (__gnu_cxx::_Lock_policy)2>
5	Effect*, (__gnu_cxx::_Lock_policy)2>
5	Player*, (__gnu_cxx::_Lock_policy)2>
5	Screen*, (__gnu_cxx::_Lock_policy)2>
5	Widget*, (__gnu_cxx::_Lock_policy)2>
5	GCTimer*, (__gnu_cxx::_Lock_policy)2>
5	Surface*, (__gnu_cxx::_Lock_policy)2>
5	TextItem*, (__gnu_cxx::_Lock_policy)2>
5	Animation::Info::Interpolator*, (__gnu_cxx::_Lock_policy)2>
5	Animation::Task*, (__gnu_cxx::_Lock_policy)2>
5	Animation::KeyFrame*, (__gnu_cxx::_Lock_policy)2>
5	OpenGLFBO*, (__gnu_cxx::_Lock_policy)2>
5	SizeCache*, (__gnu_cxx::_Lock_policy)2>
5	VBOShader::RGBMaskPart*, (__gnu_cxx::_Lock_policy)2>
5	VBOShader::ColorizePart*, (__gnu_cxx::_Lock_policy)2>
5	VBOShader::RGBBicubicPart*, (__gnu_cxx::_Lock_policy)2>
5	VBOShader::A8Part*, (__gnu_cxx::_Lock_policy)2>
5	VBOShader::RGBPart*, (__gnu_cxx::_Lock_policy)2>
5	VBOShader*, (__gnu_cxx::_Lock_policy)2>
4	GibbonResource> const&, std::shared_ptr<netflix::gibbon
4	SurfaceDataWriteEvent::SurfaceDataWriteEvent(std::shared_ptr<netflix::gibbon
4	Animation::KeyFrame>, netflix::gibbon::Animation::KeyFrame>
4	EffectBlur::DefaultRenderer
4	EffectDiff::DefaultRenderer
4	EffectMask::DefaultRenderer
4	EffectNull::DefaultRenderer
4	EffectTint::DefaultRenderer
4	InputEvent
4	MouseEvent
4	ContextJPEG::MemorySource
4	EffectTrail::DefaultRenderer
4	GLSyncEvent
4	EffectShader::DefaultRenderer
4	EffectShader::Data::Uniform
4	FreetypeFace
4	WidgetBridge::WidgetListener
4	OpenGLContext::LazyCleanup
4	OpenGLContext::BufferLazyCleanup
4	OpenGLContext::ProgramLazyCleanup
4	OpenGLContext::TextureLazyCleanup
4	SurfaceLoader::DecodeInfo
4	LoadJobRequest
4	EffectChromaKey::DefaultRenderer
4	EffectDesaturate::DefaultRenderer
4	PrerenderCommand
4	TextAttributeRun
4	TextLineBreakRuns
4	GibbonBridgeRequest
4	GibbonConfiguration
4	PlayerRenderCommand
4	GibbonResourceRequest
4	GibbonResourceRequest::GibbonResourceRequest(netflix::ResourceRequest
4	SurfaceDecoderPlatform
4	GibbonRunBenchmarkEvent
4	GibbonConsoleCommandEvent
4	CommitPlaybackGroupsCommand
4	GibbonScriptBindingsLoadRequest
4	Rect
4	Color
4	Screen::Listener
4	KeyEvent
4	Animation::Info::Interpolator
4	Animation::Task
4	Animation::Timer
4	Animation::Info::Interpolator, (__gnu_cxx::_Lock_policy)2>
3	IteratorsCache
3	GraphicsEngine>
3	Animation::Info
3	ContextData>
3	OpenGLFBO*, std::shared_ptr<netflix::gibbon::OpenGLFBO>, netflix::gibbon::OpenGLFBO::Cost, netflix::gibbon::OpenGLFBO::PurgeAllow>
3	OpenGLProgram>, netflix::LRUOne<std::shared_ptr<netflix::gibbon::OpenGLProgram> >, netflix::gibbon::OpenGLShaders::ProgramPurgable>
3	ContextPNG
3	GlyphCache::GlyphKey
3	LineShader
3	netflix::gibbon
3	BaseTextRun
3	ContextJPEG
3	DisplayList::CommandCreator<BlitCommand>
3	DisplayList::CommandCreator<FlushCommand>
3	DisplayList::CommandCreator<StartCommand>
3	DisplayList::CommandCreator<CommentCommand>
3	DisplayList::CommandCreator<SetClipCommand>
3	DisplayList::CommandCreator<DrawRectCommand>
3	DisplayList::CommandCreator<DrawTextCommand>
3	DisplayList::CommandCreator<FillRectCommand>
3	DisplayList::CommandCreator<BatchBlitCommand>
3	DisplayList::CommandCreator<ClearClipCommand>
3	DisplayList::CommandCreator<ClearRectCommand>
3	DisplayList::CommandCreator<EnterBlockCommand>
3	DisplayList::CommandCreator<FlushStateCommand>
3	DisplayList::CommandCreator<LeaveBlockCommand>
3	DisplayList::CommandCreator<SetOpacityCommand>
3	DisplayList::CommandCreator<TextureMapCommand>
3	DisplayList::CommandCreator<RenderStateCommand>
3	DisplayList::CommandCreator<SetTransformCommand>
3	DisplayList::CommandCreator<SetSmoothScaleCommand>
3	DisplayList::CommandCreator<SetCompositionModeCommand>
3	DisplayList::CommandCreator<netflix::gibbon::DrawGlyphsCommand>
3	DisplayList::CommandCreator<netflix::gibbon::BlurEffectGLES2Command>
3	DisplayList::CommandCreator<netflix::gibbon::ShaderEffectGLES2Command>
3	DisplayList::CommandCreatorBase
3	DisplayList::Reader
3	DisplayList::Writer
3	FontManager::Language
3	BaseTextRuns<netflix::gibbon::TextLineBreakRun>
3	BaseTextRuns<netflix::gibbon::TextWordBreakRun>
3	BaseTextRuns<std::shared_ptr<netflix::gibbon::TextLocaleRun> >
3	BaseTextRuns<std::shared_ptr<netflix::gibbon::TextScriptRun> >
3	BaseTextRuns<std::shared_ptr<netflix::gibbon::TextAttributeRun> >
3	BaseTextRuns<std::shared_ptr<netflix::gibbon::TextDirectionRun> >
3	EffectSource::Listener
3	SurfaceCache::Listener
3	OpenGLDisplay
3	SurfaceSource::ImageListener
3	SurfaceSource::Listener
3	TextLocaleRun
3	TextScriptRun
3	SurfaceDecoder
3	TextLocaleRuns
3	TextScriptRuns
3	EffectBlurGLES2::GLES2Renderer
3	EffectBlurGLES2::Shader
3	FocusChangeEvent
3	OpenGLDisplayEGL
3	TextDirectionRun
3	TextLineBreakRun
3	TextWordBreakRun
3	EffectParamsGLES2
3	EffectShaderGLES2::GLES2Renderer
3	EffectShaderGLES2::Shader
3	FontManagerDumper
3	TextAttributeRuns
3	ImageSurfaceLoader
3	SurfaceCacheDumper
3	SyncObjectListener
3	TextObjectListener
3	OpenGLShadersDumper
3	GibbonScriptBindings::LocationData
3	DebuggerInstrumentation
3	Ruby
3	Glyph
3	Image::Listener
3	Effect::Listener
3	Widget::RenderScope
3	Widget::RecurseMapTo
3	Widget::RecursePurge
3	Widget::RecurseReload
3	Widget::RecursePrerender
3	Widget::RecurseWidgetsAt
3	Widget::FlagScope
3	Surface::WeakPtr
3	Surface::Listener
3	TextItem
3	Animation::KeyFrame
3	EffectShader::Data::Vertex::Buffer::Attribute, std::allocator<netflix::gibbon::EffectShader::Data::Vertex::Buffer::Attribute> >
3	EffectShader::Data::Uniform, std::allocator<netflix::gibbon::EffectShader::Data::Uniform> >
3	SurfaceLoader::DecodeInfo, std::allocator<netflix::gibbon::SurfaceLoader::DecodeInfo> >
3	Widget::BoxLayout::WidgetBox, std::allocator<netflix::gibbon::Widget::BoxLayout::WidgetBox> >
3	Surface::WeakPtr, std::allocator<netflix::gibbon::Surface::WeakPtr> >
3	DisplayList::Command>, std::allocator<std::shared_ptr<netflix::gibbon::DisplayList::Command> > >
3	SurfaceCache::Listener>, std::allocator<std::shared_ptr<netflix::gibbon::SurfaceCache::Listener> > >
3	TextureShader>, std::allocator<std::shared_ptr<netflix::gibbon::TextureShader> > >
3	Screen::Listener>, std::allocator<std::shared_ptr<netflix::gibbon::Screen::Listener> > >
3	Surface::Listener>, std::allocator<std::shared_ptr<netflix::gibbon::Surface::Listener> > >
3	VBOShader>, std::allocator<std::shared_ptr<netflix::gibbon::VBOShader> > >
3	WidgetBridge>, bool>, std::allocator<std::pair<std::shared_ptr<netflix::gibbon::WidgetBridge>, bool> > >
3	Surface> const&, bool)::{lambda()#1}
2	TextWordBreakRun const&, netflix::gibbon
2	TextDirectionRun> const&, std::shared_ptr<netflix::gibbon
2	GraphicsEngine>(netflix::gibbon::GraphicsEngine*, netflix::gibbon::Point, int, int, netflix::gibbon
2	GraphicsEngine const*, netflix::gibbon
2	SurfaceLoader::DecodeInfo const&, std::shared_ptr<netflix::gibbon
2	Surface> const&, netflix::gibbon::SurfaceCache::Listener
2	SurfaceCache::DecodeJob>, netflix::gibbon::SurfaceCache::DecodeJob>
2	Benchmarks
2	EffectBlur::Data
2	EffectDiff::onImageLoaded(std::shared_ptr<netflix::gibbon::Image> const&, bool, netflix::gibbon::SurfaceLoader
2	GlyphCache::Data::Data(int, int, netflix::gibbon::Glyph
2	MouseEvent::MouseEvent(netflix::gibbon::GibbonEvent::Type, netflix::gibbon::Point, netflix::gibbon::MouseEvent
2	RectShader::RectShader(netflix::gibbon::OpenGLContext*, std
2	TextBridge::TextBridge(std::shared_ptr<netflix::gibbon
2	ContextData
2	ContextJPEG::ContextJPEG(std::shared_ptr<netflix::gibbon
2	CursorTimer::CursorTimer(std::shared_ptr<netflix::gibbon
2	DisplayList::DisplayList(netflix::gibbon
2	DisplayList::DisplayList(std::shared_ptr<netflix::gibbon::Surface> const&, netflix::gibbon
2	FontManager::FontRegistryItem
2	FontManager::Language::Language(std
2	GLSyncEvent::GLSyncEvent(std::shared_ptr<netflix::gibbon
2	GlyphString::GlyphString(hb_buffer_t*, std::shared_ptr<netflix::gibbon
2	ImageBridge::setProperty(int, netflix
2	ImageBridge::updateEventListeners(std
2	ImageBridge::invoke(int, netflix
2	ImageBridge::ImageBridge(std::string const&, std::shared_ptr<netflix::gibbon
2	OpenGLState::Scope::States
2	OpenGLState::Scope::Scope(netflix::gibbon
2	DataURIEvent::DataURIEvent(std
2	EffectBridge::onEffectChanged(std::shared_ptr<netflix::gibbon::Effect> const&, netflix
2	EffectBridge::onAnimationFinished(int, netflix::gibbon
2	EffectBridge::EffectBridge(std::string const&, std::shared_ptr<netflix::gibbon
2	EffectShader::Data::Vertex::Data::GL
2	EffectShader::Data::Vertex::Data
2	EffectShader::Data::Vertex::Buffer::Attribute
2	EffectShader::Data::Vertex
2	EffectShader::Data::Fragment
2	EffectShader::Data::Uniforms::Uniforms(netflix::gibbon::EffectShader::Data
2	EffectShader::Data::Uniforms
2	EffectShader::Data::Data(netflix::gibbon::EffectShader
2	EffectShader::Data
2	FreetypeSize::Scope::Scope(netflix::gibbon::FreetypeSize&, netflix::gibbon::FreetypeSize
2	FreetypeSize::Scope
2	FreetypeSize::FreetypeSize(netflix::gibbon
2	FreetypeSize
2	GibbonBridge::datumChanged(netflix::NrdApplication
2	OpenGLShader::Scope::Scope(std::shared_ptr<netflix::gibbon
2	OpenGLShader::Scope
2	OpenGLShader::OpenGLShader(netflix::gibbon::OpenGLContext*, char const*, char const*, std
2	PlayerBridge::PlayerBridge(std::shared_ptr<netflix::gibbon
2	SurfaceCache::find(netflix
2	SurfaceCache::DecodeJob::DecodeJob(std::shared_ptr<netflix::gibbon::SurfaceLoader> const&, std::shared_ptr<netflix::gibbon
2	ThreadBridge::Thread::Thread(std::shared_ptr<netflix::gibbon
2	ThreadBridge::ThreadBridge(std::shared_ptr<netflix::gibbon::ThreadsBridge> const&, int, std::string const&, netflix::Flags<netflix::NfObject
2	WidgetBridge::WidgetBridge(std::string const&, std::shared_ptr<netflix::gibbon
2	GibbonConsole::handleCommand(netflix::Console::Command::Arguments const&, netflix::Flags<netflix::Console
2	GibbonConsole::handleSequence(std
2	ImageRenderer
2	OpenGLContext::OpenGLContext(netflix::gibbon
2	OpenGLProgram::OpenGLProgram(netflix::gibbon::OpenGLContext*, char const*, char const*, std
2	SurfaceLoader::DecodeInfo::DecodeInfo(netflix::gibbon::SurfaceLoader
2	SurfaceLoader::DecodeInfo::DecodeInfo(std::shared_ptr<netflix::gibbon::GibbonResource> const&, std::shared_ptr<netflix::gibbon
2	SurfaceSource::load(std::shared_ptr<netflix::gibbon
2	TextLayoutRun::TextLayoutRun(netflix::gibbon
2	TextureShader::TextureShader(netflix::gibbon::OpenGLContext*, std::vector<std::shared_ptr<netflix::gibbon::OpenGLShader::Part>, std::allocator<std::shared_ptr<netflix::gibbon::OpenGLShader::Part> > > const&, std::vector<std::shared_ptr<netflix::gibbon::OpenGLShader::Part>, std::allocator<std::shared_ptr<netflix::gibbon::OpenGLShader::Part> > > const&, netflix::gibbon::TextureShader
2	ThreadsBridge::ThreadsBridge(std::string const&, netflix::Flags<netflix::NfObject
2	UnicodeBlocks
2	AnimationStart
2	GraphicsEngine::setClip(netflix::gibbon
2	GraphicsEngine::Operation::Operation(char const*, netflix::Variant const&, netflix::gibbon
2	GraphicsEngine::GraphicsEngine(std::shared_ptr<netflix::gibbon::DisplayList> const&, netflix::Flags<netflix::gibbon::GraphicsEngine::Buffer>, netflix::Flags<netflix::gibbon::GraphicsEngine
2	GraphicsEngine::GraphicsEngine(std::shared_ptr<netflix::gibbon::Surface> const&, netflix::Flags<netflix::gibbon::GraphicsEngine::Buffer>, netflix::Flags<netflix::gibbon::GraphicsEngine
2	AnimationFinish::AnimationFinish(std::shared_ptr<netflix::gibbon::Animation::KeyFrame> const&, netflix::Variant const&, netflix::gibbon::AnimationFinish::State, std::vector<netflix::gibbon::Animation::Tick, std::allocator<netflix::gibbon::Animation
2	AnimationFinish
2	EffectTintGLES2::collectParts(int, std::vector<std::shared_ptr<netflix::gibbon::OpenGLShader::Part>, std::allocator<std::shared_ptr<netflix::gibbon::OpenGLShader::Part> > >&, std::vector<std::shared_ptr<netflix::gibbon::OpenGLShader::Part>, std::allocator<std::shared_ptr<netflix::gibbon::OpenGLShader
2	FocusChangeEvent::FocusChangeEvent(bool, std
2	TextItemizerData
2	GibbonJSSyncEvent::WidgetChanges
2	GibbonJSSyncEvent::Invoke
2	NiceThreadSpawner
2	SurfaceDecoderPNG::SurfaceDecoderPNG(std::shared_ptr<netflix::gibbon
2	SurfaceLoadSource::SurfaceLoadSource(netflix::ResourceRequest::Data const&, netflix::Flags<netflix::gibbon::SurfaceLoadSource::LoadFlag>, std
2	SurfaceLoadSource::SurfaceLoadSource(netflix::Variant const&, netflix
2	SurfaceLoadSource::SurfaceLoadSource(netflix::gibbon
2	SurfaceLoadSource::SurfaceLoadSource(std::shared_ptr<netflix::gibbon
2	TextAttributeRuns::addAttribute(unsigned int, unsigned int, std::shared_ptr<netflix::gibbon
2	SurfaceDecoderJPEG::SurfaceDecoderJPEG(std::shared_ptr<netflix::gibbon
2	EffectChromaKeyGLES2::collectParts(int, std::vector<std::shared_ptr<netflix::gibbon::OpenGLShader::Part>, std::allocator<std::shared_ptr<netflix::gibbon::OpenGLShader::Part> > >&, std::vector<std::shared_ptr<netflix::gibbon::OpenGLShader::Part>, std::allocator<std::shared_ptr<netflix::gibbon::OpenGLShader
2	GibbonScriptBindings::GibbonScriptBindings(std::shared_ptr<netflix::NrdpBridge> const&, std::shared_ptr<netflix::EventLoop> const&, netflix::Flags<netflix::ScriptEngine
2	EffectDesaturateGLES2::collectParts(int, std::vector<std::shared_ptr<netflix::gibbon::OpenGLShader::Part>, std::allocator<std::shared_ptr<netflix::gibbon::OpenGLShader::Part> > >&, std::vector<std::shared_ptr<netflix::gibbon::OpenGLShader::Part>, std::allocator<std::shared_ptr<netflix::gibbon::OpenGLShader
2	GibbonEventConnection::GibbonEventConnection(std::shared_ptr<netflix::gibbon::GibbonScriptBindings> const&, netflix::ScriptEngine
2	SurfaceDecoderPlatform::SurfaceDecoderPlatform(std::shared_ptr<netflix::gibbon
2	TextLayoutLineIterator::TextLayoutLineIterator(netflix::gibbon::TextLayoutLineIterator&, netflix::gibbon::TextLayoutLineIterator&, netflix::gibbon::TextLayoutLine
2	GibbonConsoleCommandEvent::GibbonConsoleCommandEvent(std::shared_ptr<netflix::Console::Command const> const&, netflix::Console::Command
2	OpenGLShaderManagerRenderer::OpenGLShaderManagerRenderer(std::vector<std::shared_ptr<netflix::gibbon::OpenGLShader::Part>, std::allocator<std::shared_ptr<netflix::gibbon::OpenGLShader::Part> > > const&, std::vector<std::shared_ptr<netflix::gibbon::OpenGLShader::Part>, std::allocator<std::shared_ptr<netflix::gibbon::OpenGLShader
2	GibbonScriptBindingsLoadRequest::GibbonScriptBindingsLoadRequest(std::shared_ptr<netflix::gibbon::GibbonScriptBindings> const&, netflix::gibbon::GibbonScriptBindings
2	Font::RenderData::Sequence
2	Font::Data
2	Font::Font(std::string const&, std::string const&, netflix::gibbon::FontSize, netflix::gibbon::Font::Weight, netflix::gibbon::Font::Style, netflix::gibbon::FontGravity, int, netflix::gibbon::FontValues const&, int, netflix::gibbon::Font::BBox, netflix
2	Text::TextCache
2	Text::Text(std::shared_ptr<netflix::gibbon
2	Image::Image(int, std::shared_ptr<netflix::gibbon::Widget>, netflix::gibbon::Image
2	Point
2	Style::Style(std::shared_ptr<netflix::gibbon
2	Effect::Effect(netflix::gibbon::Effect
2	Locale::Locale(std
2	Player::commandReceived(std
2	Widget::onImageLoaded(std::shared_ptr<netflix::gibbon::Image> const&, bool, netflix::gibbon::SurfaceLoader
2	Widget::setAnimatedProperty(int, netflix
2	Widget::endAnimatingProperty(int, netflix::gibbon
2	Widget::startAnimatingProperty(int, netflix::gibbon
2	Widget::Recurse::Descend::Descend(netflix::gibbon::Widget::Recurse*, std::shared_ptr<netflix::gibbon
2	Changes<(unsigned char)51>::PropertyParams
2	Surface::Controller::Controller(std::shared_ptr<netflix::gibbon
2	Surface::Data::Data(netflix::DataBuffer const&, float, float, netflix::gibbon::Surface::Format, int, netflix::gibbon::Surface::Data
2	Surface::Data::Data(std::shared_ptr<netflix::gibbon::Surface> const&, netflix::gibbon::Surface::Data
2	Surface::Surface(float, float, netflix::Flags<netflix::gibbon::Surface
2	Emphasis
2	KeyEvent::KeyEvent(netflix::gibbon::GibbonEvent::Type, unsigned int, std::string const&, unsigned int, bool, int, std
2	Animation::Info::Info(netflix
2	OpenGLFBO::OpenGLFBO(std::shared_ptr<netflix::gibbon::Surface> const&, netflix::Flags<netflix::gibbon::GraphicsEngine
2	VBOShader::VBOShader(netflix::gibbon::OpenGLContext*, std::vector<std::shared_ptr<netflix::gibbon::OpenGLShader::Part>, std::allocator<std::shared_ptr<netflix::gibbon::OpenGLShader::Part> > > const&, std::vector<std::shared_ptr<netflix::gibbon::OpenGLShader::Part>, std::allocator<std::shared_ptr<netflix::gibbon::OpenGLShader::Part> > > const&, netflix::gibbon::VBOShader
2	operator>>(netflix::DeserializerImpl<netflix::DataBuffer>&, netflix::gibbon
2	EffectDiff::Data
2	ImageBridge::getProperty(int, netflix
2	Widget::getAnimatedPropertyID(std
2	Surface*, std::pair<netflix::gibbon::Surface* const, netflix::gibbon::SurfaceCache::CacheEntry*>, std::_Select1st<std::pair<netflix::gibbon::Surface* const, netflix::gibbon::SurfaceCache::CacheEntry*> >, std::less<netflix::gibbon::Surface*>, std::allocator<std::pair<netflix::gibbon::Surface* const, netflix::gibbon::SurfaceCache::CacheEntry*> > >::find(netflix::gibbon
2	GlyphCache::GlyphKey const, std::unordered_map<unsigned int, netflix::gibbon::Glyph, std::hash<unsigned int>, std::equal_to<unsigned int>, std::allocator<std::pair<unsigned int const, netflix::gibbon::Glyph> > > >, true>* std::_Hashtable<netflix::gibbon::GlyphCache::GlyphKey, std::pair<netflix::gibbon::GlyphCache::GlyphKey const, std::unordered_map<unsigned int, netflix::gibbon::Glyph, std::hash<unsigned int>, std::equal_to<unsigned int>, std::allocator<std::pair<unsigned int const, netflix::gibbon::Glyph> > > >, std::allocator<std::pair<netflix::gibbon::GlyphCache::GlyphKey const, std::unordered_map<unsigned int, netflix::gibbon::Glyph, std::hash<unsigned int>, std::equal_to<unsigned int>, std::allocator<std::pair<unsigned int const, netflix::gibbon::Glyph> > > > >, std::__detail::_Select1st, std::equal_to<netflix::gibbon::GlyphCache::GlyphKey>, netflix::gibbon::GlyphCache::GlyphKey::Hash, std::__detail::_Mod_range_hashing, std::__detail::_Default_ranged_hash, std::__detail::_Prime_rehash_policy, std::__detail::_Hashtable_traits<true, false, true> >::_M_allocate_node<std::piecewise_construct_t const&, std::tuple<netflix::gibbon::GlyphCache::GlyphKey&&>, std::tuple<> >(std::piecewise_construct_t const&, std::tuple<netflix::gibbon::GlyphCache::GlyphKey&&>&&, std
2	GibbonJSSyncEvent::WidgetChanges>, false>* std::_Hashtable<int, std::pair<int const, netflix::gibbon::GibbonJSSyncEvent::WidgetChanges>, std::allocator<std::pair<int const, netflix::gibbon::GibbonJSSyncEvent::WidgetChanges> >, std::__detail::_Select1st, std::equal_to<int>, std::hash<int>, std::__detail::_Mod_range_hashing, std::__detail::_Default_ranged_hash, std::__detail::_Prime_rehash_policy, std::__detail::_Hashtable_traits<false, false, true> >::_M_allocate_node<std::piecewise_construct_t const&, std::tuple<int const&>, std::tuple<> >(std::piecewise_construct_t const&, std::tuple<int const&>&&, std
2	FillShader>
2	GlyphCache>
2	LineShader>
2	OpenGLContext>
2	SurfaceDecoders>
2	SizeCache>
2	DisplayList::Command, (__gnu_cxx::_Lock_policy)2>::__shared_ptr<netflix::gibbon::DisplayList::Command>(std::__weak_ptr<netflix::gibbon::DisplayList::Command, (__gnu_cxx
2	DisplayList, (__gnu_cxx::_Lock_policy)2>::__shared_ptr<netflix::gibbon::DisplayList>(netflix::gibbon
2	TextureShader, (__gnu_cxx::_Lock_policy)2>::__shared_ptr<netflix::gibbon::TextureShader>(netflix::gibbon
2	GibbonResource, (__gnu_cxx::_Lock_policy)2>::__shared_ptr<netflix::gibbon::GibbonResource>(netflix::gibbon
2	AnimationObject, (__gnu_cxx::_Lock_policy)2>::__shared_ptr<netflix::gibbon::AnimationObject>(std::__weak_ptr<netflix::gibbon::AnimationObject, (__gnu_cxx
2	GibbonResourceRequest, (__gnu_cxx::_Lock_policy)2>::__shared_ptr<netflix::gibbon::GibbonResourceRequest>(netflix::gibbon
2	Image, (__gnu_cxx::_Lock_policy)2>::__shared_ptr<netflix::gibbon::Image>(netflix::gibbon
2	Style, (__gnu_cxx::_Lock_policy)2>::__shared_ptr<netflix::gibbon::Style>(netflix::gibbon
2	Widget, (__gnu_cxx::_Lock_policy)2>::__shared_ptr<netflix::gibbon::Widget>(netflix::gibbon
2	Surface, (__gnu_cxx::_Lock_policy)2>::__shared_ptr<netflix::gibbon::Surface>(netflix::gibbon
2	Surface, (__gnu_cxx::_Lock_policy)2>::__shared_ptr<netflix::gibbon::Surface>(std::__weak_ptr<netflix::gibbon::Surface, (__gnu_cxx
2	VBOShader, (__gnu_cxx::_Lock_policy)2>::__shared_ptr<netflix::gibbon::VBOShader>(netflix::gibbon
2	DataURIEvent*>(netflix::gibbon
2	RGBSamplePart*>(netflix::gibbon
2	SurfaceLoader*>(netflix::gibbon
2	TextureShader::RGBMaskPart*>(netflix::gibbon::TextureShader
2	TextureShader::ColorizePart*>(netflix::gibbon::TextureShader
2	TextureShader::RGBPart*>(netflix::gibbon::TextureShader
2	RGBMaskSamplePart*>(netflix::gibbon
2	GibbonConsoleCommandEvent*>(netflix::gibbon
2	Ruby*>(netflix::gibbon
2	VBOShader::RGBMaskPart*>(netflix::gibbon::VBOShader
2	VBOShader::ColorizePart*>(netflix::gibbon::VBOShader
2	VBOShader::RGBBicubicPart*>(netflix::gibbon::VBOShader
2	VBOShader::A8Part*>(netflix::gibbon::VBOShader
2	VBOShader::RGBPart*>(netflix::gibbon::VBOShader
2	TextDirectionRun>*, std::vector<std::shared_ptr<netflix::gibbon::TextDirectionRun>, std::allocator<std::shared_ptr<netflix::gibbon::TextDirectionRun> > > >, std::shared_ptr<netflix::gibbon::TextDirectionRun> >::_Temporary_buffer(__gnu_cxx::__normal_iterator<std::shared_ptr<netflix::gibbon::TextDirectionRun>*, std::vector<std::shared_ptr<netflix::gibbon::TextDirectionRun>, std::allocator<std::shared_ptr<netflix::gibbon::TextDirectionRun> > > >, __gnu_cxx::__normal_iterator<std::shared_ptr<netflix::gibbon::TextDirectionRun>*, std::vector<std::shared_ptr<netflix::gibbon::TextDirectionRun>, std::allocator<std::shared_ptr<netflix::gibbon
2	TextDirectionRun>*, std::vector<std::shared_ptr<netflix::gibbon::TextDirectionRun>, std::allocator<std::shared_ptr<netflix::gibbon::TextDirectionRun> > > >, std::shared_ptr<netflix::gibbon::TextDirectionRun> >
2	Widget>*, std::vector<std::shared_ptr<netflix::gibbon::Widget>, std::allocator<std::shared_ptr<netflix::gibbon::Widget> > > >, std::shared_ptr<netflix::gibbon::Widget> >::_Temporary_buffer(__gnu_cxx::__normal_iterator<std::shared_ptr<netflix::gibbon::Widget>*, std::vector<std::shared_ptr<netflix::gibbon::Widget>, std::allocator<std::shared_ptr<netflix::gibbon::Widget> > > >, __gnu_cxx::__normal_iterator<std::shared_ptr<netflix::gibbon::Widget>*, std::vector<std::shared_ptr<netflix::gibbon::Widget>, std::allocator<std::shared_ptr<netflix::gibbon
2	Widget>*, std::vector<std::shared_ptr<netflix::gibbon::Widget>, std::allocator<std::shared_ptr<netflix::gibbon::Widget> > > >, std::shared_ptr<netflix::gibbon::Widget> >
2	DisplayList::Command::Type, netflix::gibbon::DisplayList::CommandCreatorBase*, std::less<netflix::gibbon::DisplayList::Command::Type>, std::allocator<std::pair<netflix::gibbon::DisplayList::Command::Type const, netflix::gibbon::DisplayList::CommandCreatorBase*> > >
2	AnimationObject*, std::map<int, std::shared_ptr<netflix::gibbon::Animation::Task>, std::less<int>, std::allocator<std::pair<int const, std::shared_ptr<netflix::gibbon::Animation::Task> > > >, std::less<netflix::gibbon::AnimationObject*>, std::allocator<std::pair<netflix::gibbon::AnimationObject* const, std::map<int, std::shared_ptr<netflix::gibbon::Animation::Task>, std::less<int>, std::allocator<std::pair<int const, std::shared_ptr<netflix::gibbon::Animation::Task> > > > > > >
2	FontManager::FontRegistryItem>, std::less<std::string>, std::allocator<std::pair<std::string const, std::shared_ptr<netflix::gibbon::FontManager::FontRegistryItem> > > >
2	IteratorsCache::BreakSuppression, std::allocator<netflix::gibbon::IteratorsCache::BreakSuppression> >, std::less<std::string>, std::allocator<std::pair<std::string const, std::vector<netflix::gibbon::IteratorsCache::BreakSuppression, std::allocator<netflix::gibbon::IteratorsCache::BreakSuppression> > > > >
2	Rect, std::allocator<netflix::gibbon::Rect> >, std::less<std::string>, std::allocator<std::pair<std::string const, std::vector<netflix::gibbon::Rect, std::allocator<netflix::gibbon::Rect> > > > >::operator[](std
2	Font>, std::less<std::string>, std::allocator<std::pair<std::string const, std::weak_ptr<netflix::gibbon::Font> > > >
2	IteratorsCache::Type>, std::vector<std::shared_ptr<icu_58::BreakIterator>, std::allocator<std::shared_ptr<icu_58::BreakIterator> > >, std::less<std::pair<std::string, netflix::gibbon::IteratorsCache::Type> >, std::allocator<std::pair<std::pair<std::string, netflix::gibbon::IteratorsCache::Type> const, std::vector<std::shared_ptr<icu_58::BreakIterator>, std::allocator<std::shared_ptr<icu_58::BreakIterator> > > > > >
2	OpenGLContext>, std::less<std::shared_ptr<netflix::gibbon::OpenGLContext> >, std::allocator<std::shared_ptr<netflix::gibbon::OpenGLContext> > >
2	GlyphCache::GlyphKey const, std::unordered_map<unsigned int, netflix::gibbon::Glyph, std::hash<unsigned int>, std::equal_to<unsigned int>, std::allocator<std::pair<unsigned int const, netflix::gibbon::Glyph> > > >
2	FontManager::FontRegistryItem> >
2	FreetypeFace> >
2	IteratorsCache::BreakSuppression, std::allocator<netflix::gibbon::IteratorsCache::BreakSuppression> > >
2	Font> >
2	AnimationObject>, AnimationAdvance>
2	FontManager::UnicodeBlock, std::allocator<netflix::gibbon::FontManager::UnicodeBlock> >::_M_emplace_back_aux<netflix::gibbon::FontManager::UnicodeBlock const&>(netflix::gibbon::FontManager
2	FontManager::UnicodeBlock, std::allocator<netflix::gibbon::FontManager::UnicodeBlock> >::_M_emplace_back_aux<netflix::gibbon::FontManager::UnicodeBlock>(netflix::gibbon::FontManager
2	FontManager::Match, std::allocator<netflix::gibbon::FontManager::Match> >::_M_emplace_back_aux<netflix::gibbon::FontManager::Match>(netflix::gibbon::FontManager
2	FontManager::Match, std::allocator<netflix::gibbon::FontManager::Match> >
2	FontManager::Language, std::allocator<netflix::gibbon::FontManager::Language> >::_M_emplace_back_aux<netflix::gibbon::FontManager::Language>(netflix::gibbon::FontManager
2	FontManager::Language, std::allocator<netflix::gibbon::FontManager::Language> >
2	EffectShader::Data::Vertex::Buffer::Attribute, std::allocator<netflix::gibbon::EffectShader::Data::Vertex::Buffer::Attribute> >::_M_emplace_back_aux<netflix::gibbon::EffectShader::Data::Vertex::Buffer::Attribute const&>(netflix::gibbon::EffectShader::Data::Vertex::Buffer
2	SurfaceLoader::DecodeInfo, std::allocator<netflix::gibbon::SurfaceLoader::DecodeInfo> >::_M_emplace_back_aux<netflix::gibbon::SurfaceLoader::DecodeInfo const&>(netflix::gibbon::SurfaceLoader
2	TextLayoutRun, std::allocator<netflix::gibbon::TextLayoutRun> >::emplace_back<netflix::gibbon::TextLayoutRun>(netflix::gibbon
2	TextLayoutRun, std::allocator<netflix::gibbon::TextLayoutRun> >::_M_insert_aux<netflix::gibbon::TextLayoutRun>(__gnu_cxx::__normal_iterator<netflix::gibbon::TextLayoutRun*, std::vector<netflix::gibbon::TextLayoutRun, std::allocator<netflix::gibbon::TextLayoutRun> > >, netflix::gibbon
2	TextLayoutRun, std::allocator<netflix::gibbon::TextLayoutRun> >::_M_emplace_back_aux<netflix::gibbon::TextLayoutRun>(netflix::gibbon
2	TextLayoutRun, std::allocator<netflix::gibbon::TextLayoutRun> >
2	IteratorsCache::BreakSuppression, std::allocator<netflix::gibbon::IteratorsCache::BreakSuppression> >::_M_emplace_back_aux<netflix::gibbon::IteratorsCache::BreakSuppression>(netflix::gibbon::IteratorsCache
2	IteratorsCache::BreakSuppression, std::allocator<netflix::gibbon::IteratorsCache::BreakSuppression> >
2	TextLayoutLine, std::allocator<netflix::gibbon::TextLayoutLine> >::_M_emplace_back_aux<netflix::gibbon::TextLayoutLine>(netflix::gibbon
2	TextLineBreakRun, std::allocator<netflix::gibbon::TextLineBreakRun> >::_M_emplace_back_aux<netflix::gibbon::TextLineBreakRun const&>(netflix::gibbon
2	TextLineBreakRun, std::allocator<netflix::gibbon::TextLineBreakRun> >
2	TextWordBreakRun, std::allocator<netflix::gibbon::TextWordBreakRun> >::_M_emplace_back_aux<netflix::gibbon::TextWordBreakRun const&>(netflix::gibbon
2	TextWordBreakRun, std::allocator<netflix::gibbon::TextWordBreakRun> >
2	GibbonJSSyncEvent::Invoke, std::allocator<netflix::gibbon::GibbonJSSyncEvent::Invoke> >::_M_emplace_back_aux<netflix::gibbon::GibbonJSSyncEvent::Invoke>(netflix::gibbon::GibbonJSSyncEvent
2	GibbonScriptBindings::ScriptLoad, std::allocator<netflix::gibbon::GibbonScriptBindings::ScriptLoad> >::_M_emplace_back_aux<netflix::gibbon::GibbonScriptBindings::ScriptLoad const&>(netflix::gibbon::GibbonScriptBindings
2	GibbonScriptBindings::ScriptLoad, std::allocator<netflix::gibbon::GibbonScriptBindings::ScriptLoad> >
2	Font::RenderData::Sequence, std::allocator<netflix::gibbon::Font::RenderData::Sequence> >::emplace_back<netflix::gibbon::Font::RenderData::Sequence>(netflix::gibbon::Font::RenderData
2	Font::RenderData::Sequence, std::allocator<netflix::gibbon::Font::RenderData::Sequence> >::_M_emplace_back_aux<netflix::gibbon::Font::RenderData::Sequence>(netflix::gibbon::Font::RenderData
2	Font::RenderData::Sequence, std::allocator<netflix::gibbon::Font::RenderData::Sequence> >
2	Rect, std::allocator<netflix::gibbon::Rect> >
2	Rect, std::allocator<netflix::gibbon::Rect> >::_M_emplace_back_aux<netflix::gibbon::Rect const&>(netflix::gibbon
2	Rect, std::allocator<netflix::gibbon::Rect> >::_M_emplace_back_aux<netflix::gibbon::Rect>(netflix::gibbon
2	Point, std::allocator<netflix::gibbon::Point> >
2	Point, std::allocator<netflix::gibbon::Point> >::_M_emplace_back_aux<netflix::gibbon::Point const&>(netflix::gibbon
2	Widget::BoxLayout::WidgetBox, std::allocator<netflix::gibbon::Widget::BoxLayout::WidgetBox> >::_M_emplace_back_aux<netflix::gibbon::Widget::BoxLayout::WidgetBox const&>(netflix::gibbon::Widget::BoxLayout
2	Surface::WeakPtr, std::allocator<netflix::gibbon::Surface::WeakPtr> >::emplace_back<netflix::gibbon::Surface::WeakPtr>(netflix::gibbon::Surface
2	Surface::WeakPtr, std::allocator<netflix::gibbon::Surface::WeakPtr> >::_M_emplace_back_aux<netflix::gibbon::Surface::WeakPtr>(netflix::gibbon::Surface
2	Animation::Tick, std::allocator<netflix::gibbon::Animation::Tick> >::_M_emplace_back_aux<netflix::gibbon::Animation::Tick const&>(netflix::gibbon::Animation
2	Animation::Tick, std::allocator<netflix::gibbon::Animation::Tick> >::vector(std::vector<netflix::gibbon::Animation::Tick, std::allocator<netflix::gibbon::Animation
2	Animation::Tick, std::allocator<netflix::gibbon::Animation::Tick> >
2	OpenGLState::Scope*, std::allocator<netflix::gibbon::OpenGLState::Scope*> >::_M_emplace_back_aux<netflix::gibbon::OpenGLState::Scope* const&>(netflix::gibbon::OpenGLState
2	SurfaceCache::CacheEntry*, std::allocator<netflix::gibbon::SurfaceCache::CacheEntry*> >::_M_emplace_back_aux<netflix::gibbon::SurfaceCache::CacheEntry* const&>(netflix::gibbon::SurfaceCache
2	OpenGLContext::LazyCleanup*, std::allocator<netflix::gibbon::OpenGLContext::LazyCleanup*> >::_M_emplace_back_aux<netflix::gibbon::OpenGLContext::LazyCleanup* const&>(netflix::gibbon::OpenGLContext
2	OpenGLContext::LazyCleanup*, std::allocator<netflix::gibbon::OpenGLContext::LazyCleanup*> >
2	GraphicsEngine*, std::allocator<netflix::gibbon::GraphicsEngine*> >::_M_emplace_back_aux<netflix::gibbon::GraphicsEngine* const&>(netflix::gibbon
2	Glyph*, std::allocator<netflix::gibbon::Glyph*> >
2	DisplayList::Command>, std::allocator<std::shared_ptr<netflix::gibbon::DisplayList::Command> > >::_M_emplace_back_aux<std::shared_ptr<netflix::gibbon::DisplayList::Command> const&>(std::shared_ptr<netflix::gibbon::DisplayList
2	EffectShader::Data::Vertex::Buffer>, std::allocator<std::shared_ptr<netflix::gibbon::EffectShader::Data::Vertex::Buffer> > >::emplace_back<std::shared_ptr<netflix::gibbon::EffectShader::Data::Vertex::Buffer> >(std::shared_ptr<netflix::gibbon::EffectShader::Data::Vertex
2	EffectShader::Data::Vertex::Buffer>, std::allocator<std::shared_ptr<netflix::gibbon::EffectShader::Data::Vertex::Buffer> > >::_M_emplace_back_aux<std::shared_ptr<netflix::gibbon::EffectShader::Data::Vertex::Buffer> >(std::shared_ptr<netflix::gibbon::EffectShader::Data::Vertex
2	OpenGLShader::Part>, std::allocator<std::shared_ptr<netflix::gibbon::OpenGLShader::Part> > >::emplace_back<std::shared_ptr<netflix::gibbon::OpenGLShader::Part> >(std::shared_ptr<netflix::gibbon::OpenGLShader
2	OpenGLShader::Part>, std::allocator<std::shared_ptr<netflix::gibbon::OpenGLShader::Part> > >::_M_emplace_back_aux<std::shared_ptr<netflix::gibbon::OpenGLShader::Part> >(std::shared_ptr<netflix::gibbon::OpenGLShader
2	OpenGLShader::Part>, std::allocator<std::shared_ptr<netflix::gibbon::OpenGLShader::Part> > >
2	SurfaceCache::Listener>, std::allocator<std::shared_ptr<netflix::gibbon::SurfaceCache::Listener> > >::_M_emplace_back_aux<std::shared_ptr<netflix::gibbon::SurfaceCache::Listener> const&>(std::shared_ptr<netflix::gibbon::SurfaceCache
2	SurfaceLoader>, std::allocator<std::shared_ptr<netflix::gibbon::SurfaceLoader> > >::_M_emplace_back_aux<std::shared_ptr<netflix::gibbon::SurfaceLoader> const&>(std::shared_ptr<netflix::gibbon
2	SurfaceLoader>, std::allocator<std::shared_ptr<netflix::gibbon::SurfaceLoader> > >
2	TextLocaleRun>, std::allocator<std::shared_ptr<netflix::gibbon::TextLocaleRun> > >::_M_emplace_back_aux<std::shared_ptr<netflix::gibbon::TextLocaleRun> const&>(std::shared_ptr<netflix::gibbon
2	TextLocaleRun>, std::allocator<std::shared_ptr<netflix::gibbon::TextLocaleRun> > >
2	TextScriptRun>, std::allocator<std::shared_ptr<netflix::gibbon::TextScriptRun> > >::_M_emplace_back_aux<std::shared_ptr<netflix::gibbon::TextScriptRun> const&>(std::shared_ptr<netflix::gibbon
2	TextScriptRun>, std::allocator<std::shared_ptr<netflix::gibbon::TextScriptRun> > >
2	TextAttributeRun>, std::allocator<std::shared_ptr<netflix::gibbon::TextAttributeRun> > >::_M_emplace_back_aux<std::shared_ptr<netflix::gibbon::TextAttributeRun> const&>(std::shared_ptr<netflix::gibbon
2	TextAttributeRun>, std::allocator<std::shared_ptr<netflix::gibbon::TextAttributeRun> > >
2	TextDirectionRun>, std::allocator<std::shared_ptr<netflix::gibbon::TextDirectionRun> > >::_M_emplace_back_aux<std::shared_ptr<netflix::gibbon::TextDirectionRun> const&>(std::shared_ptr<netflix::gibbon
2	TextDirectionRun>, std::allocator<std::shared_ptr<netflix::gibbon::TextDirectionRun> > >
2	GibbonEventConnection::GibbonJSEvent>, std::allocator<std::shared_ptr<netflix::gibbon::GibbonEventConnection::GibbonJSEvent> > >::_M_emplace_back_aux<std::shared_ptr<netflix::gibbon::GibbonEventConnection::GibbonJSEvent> const&>(std::shared_ptr<netflix::gibbon::GibbonEventConnection
2	GibbonEventConnection::GibbonJSEvent>, std::allocator<std::shared_ptr<netflix::gibbon::GibbonEventConnection::GibbonJSEvent> > >
2	Font::RenderData>, std::allocator<std::shared_ptr<netflix::gibbon::Font::RenderData> > >::_M_emplace_back_aux<std::shared_ptr<netflix::gibbon::Font::RenderData> const&>(std::shared_ptr<netflix::gibbon::Font
2	Ruby>, std::allocator<std::shared_ptr<netflix::gibbon::Ruby> > >::_M_emplace_back_aux<std::shared_ptr<netflix::gibbon::Ruby> const&>(std::shared_ptr<netflix::gibbon
2	Image>, std::allocator<std::shared_ptr<netflix::gibbon::Image> > >::_M_emplace_back_aux<std::shared_ptr<netflix::gibbon::Image> const&>(std::shared_ptr<netflix::gibbon
2	Screen::Listener>, std::allocator<std::shared_ptr<netflix::gibbon::Screen::Listener> > >::_M_emplace_back_aux<std::shared_ptr<netflix::gibbon::Screen::Listener> const&>(std::shared_ptr<netflix::gibbon::Screen
2	Widget>, std::allocator<std::shared_ptr<netflix::gibbon::Widget> > >::_M_insert_aux<std::shared_ptr<netflix::gibbon::Widget> const&>(__gnu_cxx::__normal_iterator<std::shared_ptr<netflix::gibbon::Widget>*, std::vector<std::shared_ptr<netflix::gibbon::Widget>, std::allocator<std::shared_ptr<netflix::gibbon::Widget> > > >, std::shared_ptr<netflix::gibbon
2	Widget>, std::allocator<std::shared_ptr<netflix::gibbon::Widget> > >::_M_insert_aux<std::shared_ptr<netflix::gibbon::Widget> >(__gnu_cxx::__normal_iterator<std::shared_ptr<netflix::gibbon::Widget>*, std::vector<std::shared_ptr<netflix::gibbon::Widget>, std::allocator<std::shared_ptr<netflix::gibbon::Widget> > > >, std::shared_ptr<netflix::gibbon
2	Widget>, std::allocator<std::shared_ptr<netflix::gibbon::Widget> > >::_M_emplace_back_aux<std::shared_ptr<netflix::gibbon::Widget> const&>(std::shared_ptr<netflix::gibbon
2	Widget>, std::allocator<std::shared_ptr<netflix::gibbon::Widget> > >::_M_emplace_back_aux<std::shared_ptr<netflix::gibbon::Widget> >(std::shared_ptr<netflix::gibbon
2	Widget>, std::allocator<std::shared_ptr<netflix::gibbon::Widget> > >
2	Surface::Controller>, std::allocator<std::shared_ptr<netflix::gibbon::Surface::Controller> > >::_M_emplace_back_aux<std::shared_ptr<netflix::gibbon::Surface::Controller> const&>(std::shared_ptr<netflix::gibbon::Surface
2	Surface::Controller>, std::allocator<std::shared_ptr<netflix::gibbon::Surface::Controller> > >
2	Surface::Listener>, std::allocator<std::shared_ptr<netflix::gibbon::Surface::Listener> > >::_M_emplace_back_aux<std::shared_ptr<netflix::gibbon::Surface::Listener> const&>(std::shared_ptr<netflix::gibbon::Surface
2	Surface>, std::allocator<std::shared_ptr<netflix::gibbon::Surface> > >::_M_emplace_back_aux<std::shared_ptr<netflix::gibbon::Surface> const&>(std::shared_ptr<netflix::gibbon
2	Surface>, std::allocator<std::shared_ptr<netflix::gibbon::Surface> > >
2	TextItem>, std::allocator<std::shared_ptr<netflix::gibbon::TextItem> > >::_M_emplace_back_aux<std::shared_ptr<netflix::gibbon::TextItem> >(std::shared_ptr<netflix::gibbon
2	Font::Weight, netflix::gibbon::Font::Style>, std::allocator<std::pair<netflix::gibbon::Font::Weight, netflix::gibbon::Font::Style> > >::emplace_back<std::pair<netflix::gibbon::Font::Weight, netflix::gibbon::Font::Style> >(std::pair<netflix::gibbon::Font::Weight, netflix::gibbon::Font
2	Font::Weight, netflix::gibbon::Font::Style>, std::allocator<std::pair<netflix::gibbon::Font::Weight, netflix::gibbon::Font::Style> > >::_M_emplace_back_aux<std::pair<netflix::gibbon::Font::Weight, netflix::gibbon::Font::Style> >(std::pair<netflix::gibbon::Font::Weight, netflix::gibbon::Font
2	Rect, netflix::gibbon::Color>, std::allocator<std::pair<netflix::gibbon::Rect, netflix::gibbon::Color> > >::emplace_back<std::pair<netflix::gibbon::Rect, netflix::gibbon::Color> >(std::pair<netflix::gibbon::Rect, netflix::gibbon
2	Rect, netflix::gibbon::Color>, std::allocator<std::pair<netflix::gibbon::Rect, netflix::gibbon::Color> > >::_M_emplace_back_aux<std::pair<netflix::gibbon::Rect, netflix::gibbon::Color> >(std::pair<netflix::gibbon::Rect, netflix::gibbon
2	Rect, netflix::gibbon::Rect>, std::allocator<std::pair<netflix::gibbon::Rect, netflix::gibbon::Rect> > >::emplace_back<std::pair<netflix::gibbon::Rect, netflix::gibbon::Rect> >(std::pair<netflix::gibbon::Rect, netflix::gibbon
2	Rect, netflix::gibbon::Rect>, std::allocator<std::pair<netflix::gibbon::Rect, netflix::gibbon::Rect> > >::_M_emplace_back_aux<std::pair<netflix::gibbon::Rect, netflix::gibbon::Rect> >(std::pair<netflix::gibbon::Rect, netflix::gibbon
2	FreetypeSize*, netflix::gibbon::FreetypeSize::Mode>, std::allocator<std::pair<netflix::gibbon::FreetypeSize*, netflix::gibbon::FreetypeSize::Mode> > >::_M_emplace_back_aux<std::pair<netflix::gibbon::FreetypeSize*, netflix::gibbon::FreetypeSize::Mode> >(std::pair<netflix::gibbon::FreetypeSize*, netflix::gibbon::FreetypeSize
2	FreetypeSize*, netflix::gibbon::FreetypeSize::Mode>, std::allocator<std::pair<netflix::gibbon::FreetypeSize*, netflix::gibbon::FreetypeSize::Mode> > >
2	WidgetBridge>, bool>, std::allocator<std::pair<std::shared_ptr<netflix::gibbon::WidgetBridge>, bool> > >::_M_emplace_back_aux<std::pair<std::shared_ptr<netflix::gibbon::WidgetBridge>, bool> >(std::pair<std::shared_ptr<netflix::gibbon
2	AnimationObject>, AnimationAdvance>, std::allocator<std::pair<std::shared_ptr<netflix::gibbon::AnimationObject>, AnimationAdvance> > >::emplace_back<std::pair<std::shared_ptr<netflix::gibbon::AnimationObject>, AnimationAdvance> >(std::pair<std::shared_ptr<netflix::gibbon
2	AnimationObject>, AnimationAdvance>, std::allocator<std::pair<std::shared_ptr<netflix::gibbon::AnimationObject>, AnimationAdvance> > >::_M_emplace_back_aux<std::pair<std::shared_ptr<netflix::gibbon::AnimationObject>, AnimationAdvance> >(std::pair<std::shared_ptr<netflix::gibbon
2	AnimationObject>, AnimationAdvance>, std::allocator<std::pair<std::shared_ptr<netflix::gibbon::AnimationObject>, AnimationAdvance> > >
2	OpenGLProgram>, std::allocator<std::weak_ptr<netflix::gibbon::OpenGLProgram> > >::_M_emplace_back_aux<std::weak_ptr<netflix::gibbon::OpenGLProgram> >(std::weak_ptr<netflix::gibbon
2	OpenGLProgram>, std::allocator<std::weak_ptr<netflix::gibbon::OpenGLProgram> > >
2	SurfaceCache::DecodeJob> > > std::_Rb_tree<netflix::DataBuffer, std::pair<netflix::DataBuffer const, std::shared_ptr<netflix::gibbon::SurfaceCache::DecodeJob> >, std::_Select1st<std::pair<netflix::DataBuffer const, std::shared_ptr<netflix::gibbon::SurfaceCache::DecodeJob> > >, std::less<netflix::DataBuffer>, std::allocator<std::pair<netflix::DataBuffer const, std::shared_ptr<netflix::gibbon::SurfaceCache::DecodeJob> > > >::_M_emplace_hint_unique<std::piecewise_construct_t const&, std::tuple<netflix::DataBuffer const&>, std::tuple<> >(std::_Rb_tree_const_iterator<std::pair<netflix::DataBuffer const, std::shared_ptr<netflix::gibbon::SurfaceCache::DecodeJob> > >, std::piecewise_construct_t const&, std::tuple<netflix::DataBuffer const&>&&, std
2	DisplayList::Command::Type const, netflix::gibbon::DisplayList::CommandCreatorBase*> > std::_Rb_tree<netflix::gibbon::DisplayList::Command::Type, std::pair<netflix::gibbon::DisplayList::Command::Type const, netflix::gibbon::DisplayList::CommandCreatorBase*>, std::_Select1st<std::pair<netflix::gibbon::DisplayList::Command::Type const, netflix::gibbon::DisplayList::CommandCreatorBase*> >, std::less<netflix::gibbon::DisplayList::Command::Type>, std::allocator<std::pair<netflix::gibbon::DisplayList::Command::Type const, netflix::gibbon::DisplayList::CommandCreatorBase*> > >::_M_emplace_hint_unique<std::piecewise_construct_t const&, std::tuple<netflix::gibbon::DisplayList::Command::Type const&>, std::tuple<> >(std::_Rb_tree_const_iterator<std::pair<netflix::gibbon::DisplayList::Command::Type const, netflix::gibbon::DisplayList::CommandCreatorBase*> >, std::piecewise_construct_t const&, std::tuple<netflix::gibbon::DisplayList::Command::Type const&>&&, std
2	SurfaceCache::SizeKey const, netflix::gibbon::SurfaceCache::Stats> > std::_Rb_tree<netflix::gibbon::SurfaceCache::SizeKey, std::pair<netflix::gibbon::SurfaceCache::SizeKey const, netflix::gibbon::SurfaceCache::Stats>, std::_Select1st<std::pair<netflix::gibbon::SurfaceCache::SizeKey const, netflix::gibbon::SurfaceCache::Stats> >, std::less<netflix::gibbon::SurfaceCache::SizeKey>, std::allocator<std::pair<netflix::gibbon::SurfaceCache::SizeKey const, netflix::gibbon::SurfaceCache::Stats> > >::_M_emplace_hint_unique<std::piecewise_construct_t const&, std::tuple<netflix::gibbon::SurfaceCache::SizeKey&&>, std::tuple<> >(std::_Rb_tree_const_iterator<std::pair<netflix::gibbon::SurfaceCache::SizeKey const, netflix::gibbon::SurfaceCache::Stats> >, std::piecewise_construct_t const&, std::tuple<netflix::gibbon::SurfaceCache::SizeKey&&>&&, std
2	FontSize const, std::weak_ptr<netflix::gibbon::FreetypeSize> > > std::_Rb_tree<netflix::gibbon::FontSize, std::pair<netflix::gibbon::FontSize const, std::weak_ptr<netflix::gibbon::FreetypeSize> >, std::_Select1st<std::pair<netflix::gibbon::FontSize const, std::weak_ptr<netflix::gibbon::FreetypeSize> > >, std::less<netflix::gibbon::FontSize>, std::allocator<std::pair<netflix::gibbon::FontSize const, std::weak_ptr<netflix::gibbon::FreetypeSize> > > >::_M_emplace_hint_unique<std::piecewise_construct_t const&, std::tuple<netflix::gibbon::FontSize const&>, std::tuple<> >(std::_Rb_tree_const_iterator<std::pair<netflix::gibbon::FontSize const, std::weak_ptr<netflix::gibbon::FreetypeSize> > >, std::piecewise_construct_t const&, std::tuple<netflix::gibbon::FontSize const&>&&, std
2	FreetypeFace* const, std::_Rb_tree_iterator<std::pair<std::string const, std::weak_ptr<netflix::gibbon::FreetypeFace> > > > > std::_Rb_tree<netflix::gibbon::FreetypeFace*, std::pair<netflix::gibbon::FreetypeFace* const, std::_Rb_tree_iterator<std::pair<std::string const, std::weak_ptr<netflix::gibbon::FreetypeFace> > > >, std::_Select1st<std::pair<netflix::gibbon::FreetypeFace* const, std::_Rb_tree_iterator<std::pair<std::string const, std::weak_ptr<netflix::gibbon::FreetypeFace> > > > >, std::less<netflix::gibbon::FreetypeFace*>, std::allocator<std::pair<netflix::gibbon::FreetypeFace* const, std::_Rb_tree_iterator<std::pair<std::string const, std::weak_ptr<netflix::gibbon::FreetypeFace> > > > > >::_M_emplace_hint_unique<std::piecewise_construct_t const&, std::tuple<netflix::gibbon::FreetypeFace*&&>, std::tuple<> >(std::_Rb_tree_const_iterator<std::pair<netflix::gibbon::FreetypeFace* const, std::_Rb_tree_iterator<std::pair<std::string const, std::weak_ptr<netflix::gibbon::FreetypeFace> > > > >, std::piecewise_construct_t const&, std::tuple<netflix::gibbon::FreetypeFace*&&>&&, std
2	AnimationObject* const, std::map<int, std::shared_ptr<netflix::gibbon::Animation::Task>, std::less<int>, std::allocator<std::pair<int const, std::shared_ptr<netflix::gibbon::Animation::Task> > > > > > std::_Rb_tree<netflix::gibbon::AnimationObject*, std::pair<netflix::gibbon::AnimationObject* const, std::map<int, std::shared_ptr<netflix::gibbon::Animation::Task>, std::less<int>, std::allocator<std::pair<int const, std::shared_ptr<netflix::gibbon::Animation::Task> > > > >, std::_Select1st<std::pair<netflix::gibbon::AnimationObject* const, std::map<int, std::shared_ptr<netflix::gibbon::Animation::Task>, std::less<int>, std::allocator<std::pair<int const, std::shared_ptr<netflix::gibbon::Animation::Task> > > > > >, std::less<netflix::gibbon::AnimationObject*>, std::allocator<std::pair<netflix::gibbon::AnimationObject* const, std::map<int, std::shared_ptr<netflix::gibbon::Animation::Task>, std::less<int>, std::allocator<std::pair<int const, std::shared_ptr<netflix::gibbon::Animation::Task> > > > > > >::_M_emplace_hint_unique<std::piecewise_construct_t const&, std::tuple<netflix::gibbon::AnimationObject*&&>, std::tuple<> >(std::_Rb_tree_const_iterator<std::pair<netflix::gibbon::AnimationObject* const, std::map<int, std::shared_ptr<netflix::gibbon::Animation::Task>, std::less<int>, std::allocator<std::pair<int const, std::shared_ptr<netflix::gibbon::Animation::Task> > > > > >, std::piecewise_construct_t const&, std::tuple<netflix::gibbon::AnimationObject*&&>&&, std
2	Surface* const, netflix::DataBuffer> > std::_Rb_tree<netflix::gibbon::Surface*, std::pair<netflix::gibbon::Surface* const, netflix::DataBuffer>, std::_Select1st<std::pair<netflix::gibbon::Surface* const, netflix::DataBuffer> >, std::less<netflix::gibbon::Surface*>, std::allocator<std::pair<netflix::gibbon::Surface* const, netflix::DataBuffer> > >::_M_emplace_hint_unique<std::piecewise_construct_t const&, std::tuple<netflix::gibbon::Surface*&&>, std::tuple<> >(std::_Rb_tree_const_iterator<std::pair<netflix::gibbon::Surface* const, netflix::DataBuffer> >, std::piecewise_construct_t const&, std::tuple<netflix::gibbon::Surface*&&>&&, std
2	Surface* const, netflix::gibbon::SurfaceCache::CacheEntry*> > std::_Rb_tree<netflix::gibbon::Surface*, std::pair<netflix::gibbon::Surface* const, netflix::gibbon::SurfaceCache::CacheEntry*>, std::_Select1st<std::pair<netflix::gibbon::Surface* const, netflix::gibbon::SurfaceCache::CacheEntry*> >, std::less<netflix::gibbon::Surface*>, std::allocator<std::pair<netflix::gibbon::Surface* const, netflix::gibbon::SurfaceCache::CacheEntry*> > >::_M_emplace_hint_unique<std::piecewise_construct_t const&, std::tuple<netflix::gibbon::Surface*&&>, std::tuple<> >(std::_Rb_tree_const_iterator<std::pair<netflix::gibbon::Surface* const, netflix::gibbon::SurfaceCache::CacheEntry*> >, std::piecewise_construct_t const&, std::tuple<netflix::gibbon::Surface*&&>&&, std
2	SurfaceLoadSource> > std::_Rb_tree<std::string, std::pair<std::string const, netflix::gibbon::SurfaceLoadSource>, std::_Select1st<std::pair<std::string const, netflix::gibbon::SurfaceLoadSource> >, std::less<std::string>, std::allocator<std::pair<std::string const, netflix::gibbon::SurfaceLoadSource> > >::_M_emplace_hint_unique<std::piecewise_construct_t const&, std::tuple<std::string const&>, std::tuple<> >(std::_Rb_tree_const_iterator<std::pair<std::string const, netflix::gibbon::SurfaceLoadSource> >, std::piecewise_construct_t const&, std::tuple<std::string const&>&&, std
2	DisplayList::Command> > > std::_Rb_tree<std::string, std::pair<std::string const, std::shared_ptr<netflix::gibbon::DisplayList::Command> >, std::_Select1st<std::pair<std::string const, std::shared_ptr<netflix::gibbon::DisplayList::Command> > >, std::less<std::string>, std::allocator<std::pair<std::string const, std::shared_ptr<netflix::gibbon::DisplayList::Command> > > >::_M_emplace_hint_unique<std::piecewise_construct_t const&, std::tuple<std::string const&>, std::tuple<> >(std::_Rb_tree_const_iterator<std::pair<std::string const, std::shared_ptr<netflix::gibbon::DisplayList::Command> > >, std::piecewise_construct_t const&, std::tuple<std::string const&>&&, std
2	FontManager::FontRegistryItem> > >* std::_Rb_tree<std::string, std::pair<std::string const, std::shared_ptr<netflix::gibbon::FontManager::FontRegistryItem> >, std::_Select1st<std::pair<std::string const, std::shared_ptr<netflix::gibbon::FontManager::FontRegistryItem> > >, std::less<std::string>, std::allocator<std::pair<std::string const, std::shared_ptr<netflix::gibbon::FontManager::FontRegistryItem> > > >::_M_create_node<std::pair<std::string const, std::shared_ptr<netflix::gibbon::FontManager::FontRegistryItem> > const&>(std::pair<std::string const, std::shared_ptr<netflix::gibbon::FontManager
2	FontManager::FontRegistryItem> > > std::_Rb_tree<std::string, std::pair<std::string const, std::shared_ptr<netflix::gibbon::FontManager::FontRegistryItem> >, std::_Select1st<std::pair<std::string const, std::shared_ptr<netflix::gibbon::FontManager::FontRegistryItem> > >, std::less<std::string>, std::allocator<std::pair<std::string const, std::shared_ptr<netflix::gibbon::FontManager::FontRegistryItem> > > >::_M_emplace_hint_unique<std::piecewise_construct_t const&, std::tuple<std::string const&>, std::tuple<> >(std::_Rb_tree_const_iterator<std::pair<std::string const, std::shared_ptr<netflix::gibbon::FontManager::FontRegistryItem> > >, std::piecewise_construct_t const&, std::tuple<std::string const&>&&, std
2	Player> > >* std::_Rb_tree<std::string, std::pair<std::string const, std::shared_ptr<netflix::gibbon::Player> >, std::_Select1st<std::pair<std::string const, std::shared_ptr<netflix::gibbon::Player> > >, std::less<std::string>, std::allocator<std::pair<std::string const, std::shared_ptr<netflix::gibbon::Player> > > >::_M_create_node<std::pair<std::string const, std::shared_ptr<netflix::gibbon::Player> > const&>(std::pair<std::string const, std::shared_ptr<netflix::gibbon
2	Player> > > std::_Rb_tree<std::string, std::pair<std::string const, std::shared_ptr<netflix::gibbon::Player> >, std::_Select1st<std::pair<std::string const, std::shared_ptr<netflix::gibbon::Player> > >, std::less<std::string>, std::allocator<std::pair<std::string const, std::shared_ptr<netflix::gibbon::Player> > > >::_M_emplace_hint_unique<std::piecewise_construct_t const&, std::tuple<std::string const&>, std::tuple<> >(std::_Rb_tree_const_iterator<std::pair<std::string const, std::shared_ptr<netflix::gibbon::Player> > >, std::piecewise_construct_t const&, std::tuple<std::string const&>&&, std
2	FontManager::UnicodeBlock, std::allocator<netflix::gibbon::FontManager::UnicodeBlock> > > > std::_Rb_tree<std::string, std::pair<std::string const, std::vector<netflix::gibbon::FontManager::UnicodeBlock, std::allocator<netflix::gibbon::FontManager::UnicodeBlock> > >, std::_Select1st<std::pair<std::string const, std::vector<netflix::gibbon::FontManager::UnicodeBlock, std::allocator<netflix::gibbon::FontManager::UnicodeBlock> > > >, std::less<std::string>, std::allocator<std::pair<std::string const, std::vector<netflix::gibbon::FontManager::UnicodeBlock, std::allocator<netflix::gibbon::FontManager::UnicodeBlock> > > > >::_M_emplace_hint_unique<std::piecewise_construct_t const&, std::tuple<std::string const&>, std::tuple<> >(std::_Rb_tree_const_iterator<std::pair<std::string const, std::vector<netflix::gibbon::FontManager::UnicodeBlock, std::allocator<netflix::gibbon::FontManager::UnicodeBlock> > > >, std::piecewise_construct_t const&, std::tuple<std::string const&>&&, std
2	Rect, std::allocator<netflix::gibbon::Rect> > > > std::_Rb_tree<std::string, std::pair<std::string const, std::vector<netflix::gibbon::Rect, std::allocator<netflix::gibbon::Rect> > >, std::_Select1st<std::pair<std::string const, std::vector<netflix::gibbon::Rect, std::allocator<netflix::gibbon::Rect> > > >, std::less<std::string>, std::allocator<std::pair<std::string const, std::vector<netflix::gibbon::Rect, std::allocator<netflix::gibbon::Rect> > > > >::_M_emplace_hint_unique<std::piecewise_construct_t const&, std::tuple<std::string const&>, std::tuple<> >(std::_Rb_tree_const_iterator<std::pair<std::string const, std::vector<netflix::gibbon::Rect, std::allocator<netflix::gibbon::Rect> > > >, std::piecewise_construct_t const&, std::tuple<std::string const&>&&, std
2	IteratorsCache::Type> const, std::vector<std::shared_ptr<icu_58::BreakIterator>, std::allocator<std::shared_ptr<icu_58::BreakIterator> > > > > std::_Rb_tree<std::pair<std::string, netflix::gibbon::IteratorsCache::Type>, std::pair<std::pair<std::string, netflix::gibbon::IteratorsCache::Type> const, std::vector<std::shared_ptr<icu_58::BreakIterator>, std::allocator<std::shared_ptr<icu_58::BreakIterator> > > >, std::_Select1st<std::pair<std::pair<std::string, netflix::gibbon::IteratorsCache::Type> const, std::vector<std::shared_ptr<icu_58::BreakIterator>, std::allocator<std::shared_ptr<icu_58::BreakIterator> > > > >, std::less<std::pair<std::string, netflix::gibbon::IteratorsCache::Type> >, std::allocator<std::pair<std::pair<std::string, netflix::gibbon::IteratorsCache::Type> const, std::vector<std::shared_ptr<icu_58::BreakIterator>, std::allocator<std::shared_ptr<icu_58::BreakIterator> > > > > >::_M_emplace_hint_unique<std::piecewise_construct_t const&, std::tuple<std::pair<std::string, netflix::gibbon::IteratorsCache::Type> const&>, std::tuple<> >(std::_Rb_tree_const_iterator<std::pair<std::pair<std::string, netflix::gibbon::IteratorsCache::Type> const, std::vector<std::shared_ptr<icu_58::BreakIterator>, std::allocator<std::shared_ptr<icu_58::BreakIterator> > > > >, std::piecewise_construct_t const&, std::tuple<std::pair<std::string, netflix::gibbon::IteratorsCache::Type> const&>&&, std
2	Changes<(unsigned char)1> > > std::_Rb_tree<int, std::pair<int const, netflix::gibbon::Changes<(unsigned char)1> >, std::_Select1st<std::pair<int const, netflix::gibbon::Changes<(unsigned char)1> > >, std::less<int>, std::allocator<std::pair<int const, netflix::gibbon::Changes<(unsigned char)1> > > >::_M_emplace_hint_unique<std::piecewise_construct_t const&, std::tuple<int const&>, std::tuple<> >(std::_Rb_tree_const_iterator<std::pair<int const, netflix::gibbon::Changes<(unsigned char)1> > >, std::piecewise_construct_t const&, std::tuple<int const&>&&, std
2	Changes<(unsigned char)4> > > std::_Rb_tree<int, std::pair<int const, netflix::gibbon::Changes<(unsigned char)4> >, std::_Select1st<std::pair<int const, netflix::gibbon::Changes<(unsigned char)4> > >, std::less<int>, std::allocator<std::pair<int const, netflix::gibbon::Changes<(unsigned char)4> > > >::_M_emplace_hint_unique<std::piecewise_construct_t const&, std::tuple<int const&>, std::tuple<> >(std::_Rb_tree_const_iterator<std::pair<int const, netflix::gibbon::Changes<(unsigned char)4> > >, std::piecewise_construct_t const&, std::tuple<int const&>&&, std
2	Changes<(unsigned char)8> > > std::_Rb_tree<int, std::pair<int const, netflix::gibbon::Changes<(unsigned char)8> >, std::_Select1st<std::pair<int const, netflix::gibbon::Changes<(unsigned char)8> > >, std::less<int>, std::allocator<std::pair<int const, netflix::gibbon::Changes<(unsigned char)8> > > >::_M_emplace_hint_unique<std::piecewise_construct_t const&, std::tuple<int const&>, std::tuple<> >(std::_Rb_tree_const_iterator<std::pair<int const, netflix::gibbon::Changes<(unsigned char)8> > >, std::piecewise_construct_t const&, std::tuple<int const&>&&, std
2	GibbonBridgeTask> > > std::_Rb_tree<int, std::pair<int const, std::shared_ptr<netflix::gibbon::GibbonBridgeTask> >, std::_Select1st<std::pair<int const, std::shared_ptr<netflix::gibbon::GibbonBridgeTask> > >, std::less<int>, std::allocator<std::pair<int const, std::shared_ptr<netflix::gibbon::GibbonBridgeTask> > > >::_M_emplace_hint_unique<std::piecewise_construct_t const&, std::tuple<int const&>, std::tuple<> >(std::_Rb_tree_const_iterator<std::pair<int const, std::shared_ptr<netflix::gibbon::GibbonBridgeTask> > >, std::piecewise_construct_t const&, std::tuple<int const&>&&, std
2	GibbonBridgeTask> >, std::_Select1st<std::pair<int const, std::shared_ptr<netflix::gibbon::GibbonBridgeTask> > >, std::less<int>, std::allocator<std::pair<int const, std::shared_ptr<netflix::gibbon::GibbonBridgeTask> > > >
2	GibbonBridgeTimer> > > std::_Rb_tree<int, std::pair<int const, std::shared_ptr<netflix::gibbon::GibbonBridgeTimer> >, std::_Select1st<std::pair<int const, std::shared_ptr<netflix::gibbon::GibbonBridgeTimer> > >, std::less<int>, std::allocator<std::pair<int const, std::shared_ptr<netflix::gibbon::GibbonBridgeTimer> > > >::_M_emplace_hint_unique<std::piecewise_construct_t const&, std::tuple<int const&>, std::tuple<> >(std::_Rb_tree_const_iterator<std::pair<int const, std::shared_ptr<netflix::gibbon::GibbonBridgeTimer> > >, std::piecewise_construct_t const&, std::tuple<int const&>&&, std
2	GibbonBridgeTimer> >, std::_Select1st<std::pair<int const, std::shared_ptr<netflix::gibbon::GibbonBridgeTimer> > >, std::less<int>, std::allocator<std::pair<int const, std::shared_ptr<netflix::gibbon::GibbonBridgeTimer> > > >
2	GibbonBridgeRequest> > > std::_Rb_tree<int, std::pair<int const, std::shared_ptr<netflix::gibbon::GibbonBridgeRequest> >, std::_Select1st<std::pair<int const, std::shared_ptr<netflix::gibbon::GibbonBridgeRequest> > >, std::less<int>, std::allocator<std::pair<int const, std::shared_ptr<netflix::gibbon::GibbonBridgeRequest> > > >::_M_emplace_hint_unique<std::piecewise_construct_t const&, std::tuple<int&&>, std::tuple<> >(std::_Rb_tree_const_iterator<std::pair<int const, std::shared_ptr<netflix::gibbon::GibbonBridgeRequest> > >, std::piecewise_construct_t const&, std::tuple<int&&>&&, std
2	Animation::Task> > > std::_Rb_tree<int, std::pair<int const, std::shared_ptr<netflix::gibbon::Animation::Task> >, std::_Select1st<std::pair<int const, std::shared_ptr<netflix::gibbon::Animation::Task> > >, std::less<int>, std::allocator<std::pair<int const, std::shared_ptr<netflix::gibbon::Animation::Task> > > >::_M_emplace_hint_unique<std::piecewise_construct_t const&, std::tuple<int const&>, std::tuple<> >(std::_Rb_tree_const_iterator<std::pair<int const, std::shared_ptr<netflix::gibbon::Animation::Task> > >, std::piecewise_construct_t const&, std::tuple<int const&>&&, std
2	Animation::Task> >, std::_Select1st<std::pair<int const, std::shared_ptr<netflix::gibbon::Animation::Task> > >, std::less<int>, std::allocator<std::pair<int const, std::shared_ptr<netflix::gibbon::Animation::Task> > > >
2	WidgetBridge> > > std::_Rb_tree<int, std::pair<int const, std::weak_ptr<netflix::gibbon::WidgetBridge> >, std::_Select1st<std::pair<int const, std::weak_ptr<netflix::gibbon::WidgetBridge> > >, std::less<int>, std::allocator<std::pair<int const, std::weak_ptr<netflix::gibbon::WidgetBridge> > > >::_M_emplace_hint_unique<std::piecewise_construct_t const&, std::tuple<int const&>, std::tuple<> >(std::_Rb_tree_const_iterator<std::pair<int const, std::weak_ptr<netflix::gibbon::WidgetBridge> > >, std::piecewise_construct_t const&, std::tuple<int const&>&&, std
2	Widget> > > std::_Rb_tree<int, std::pair<int const, std::weak_ptr<netflix::gibbon::Widget> >, std::_Select1st<std::pair<int const, std::weak_ptr<netflix::gibbon::Widget> > >, std::less<int>, std::allocator<std::pair<int const, std::weak_ptr<netflix::gibbon::Widget> > > >::_M_emplace_hint_unique<std::piecewise_construct_t const&, std::tuple<int&&>, std::tuple<> >(std::_Rb_tree_const_iterator<std::pair<int const, std::weak_ptr<netflix::gibbon::Widget> > >, std::piecewise_construct_t const&, std::tuple<int&&>&&, std
2	OpenGLState::TexParams> > std::_Rb_tree<unsigned int, std::pair<unsigned int const, netflix::gibbon::OpenGLState::TexParams>, std::_Select1st<std::pair<unsigned int const, netflix::gibbon::OpenGLState::TexParams> >, std::less<unsigned int>, std::allocator<std::pair<unsigned int const, netflix::gibbon::OpenGLState::TexParams> > >::_M_emplace_hint_unique<std::piecewise_construct_t const&, std::tuple<unsigned int const&>, std::tuple<> >(std::_Rb_tree_const_iterator<std::pair<unsigned int const, netflix::gibbon::OpenGLState::TexParams> >, std::piecewise_construct_t const&, std::tuple<unsigned int const&>&&, std
2	OpenGLShader>
2	TextDirectionRun>*, std::vector<std::shared_ptr<netflix::gibbon::TextDirectionRun>, std::allocator<std::shared_ptr<netflix::gibbon::TextDirectionRun> > > >, bool (*)(std::shared_ptr<netflix::gibbon::TextDirectionRun> const&, std::shared_ptr<netflix::gibbon::TextDirectionRun> const&)>(__gnu_cxx::__normal_iterator<std::shared_ptr<netflix::gibbon::TextDirectionRun>*, std::vector<std::shared_ptr<netflix::gibbon::TextDirectionRun>, std::allocator<std::shared_ptr<netflix::gibbon::TextDirectionRun> > > >, __gnu_cxx::__normal_iterator<std::shared_ptr<netflix::gibbon::TextDirectionRun>*, std::vector<std::shared_ptr<netflix::gibbon::TextDirectionRun>, std::allocator<std::shared_ptr<netflix::gibbon::TextDirectionRun> > > >, bool (*)(std::shared_ptr<netflix::gibbon::TextDirectionRun> const&, std::shared_ptr<netflix::gibbon
2	Widget>*, std::vector<std::shared_ptr<netflix::gibbon::Widget>, std::allocator<std::shared_ptr<netflix::gibbon::Widget> > > >, bool (*)(std::shared_ptr<netflix::gibbon::Widget> const&, std::shared_ptr<netflix::gibbon::Widget> const&)>(__gnu_cxx::__normal_iterator<std::shared_ptr<netflix::gibbon::Widget>*, std::vector<std::shared_ptr<netflix::gibbon::Widget>, std::allocator<std::shared_ptr<netflix::gibbon::Widget> > > >, __gnu_cxx::__normal_iterator<std::shared_ptr<netflix::gibbon::Widget>*, std::vector<std::shared_ptr<netflix::gibbon::Widget>, std::allocator<std::shared_ptr<netflix::gibbon::Widget> > > >, bool (*)(std::shared_ptr<netflix::gibbon::Widget> const&, std::shared_ptr<netflix::gibbon
1	LayoutContext&, netflix::gibbon::TextLayoutRun&, netflix::gibbon::Rect&, std::shared_ptr<netflix::gibbon
1	FontManager::Match const&, netflix::gibbon::FontManager
1	LayoutContext&, netflix::gibbon::TextLayoutLine&, netflix::gibbon::TextLayoutRun&, netflix::gibbon::Rect&, std::shared_ptr<netflix::gibbon
1	setSubscript(std::shared_ptr<netflix::gibbon
1	getFontValues(netflix::Variant const&, netflix::gibbon
1	IteratorsCache::Type, netflix::gibbon::TextItemizerData const&, std::string, netflix
1	setSuperscript(std::shared_ptr<netflix::gibbon
1	TextLayoutRun const&, netflix::gibbon
1	collapseWhiteSpace(icu_58::UnicodeString&, netflix::gibbon
1	resetEmbeddingLevel(netflix::gibbon
1	GlyphString const&, int, int, netflix::gibbon::Rect const&, std::shared_ptr<netflix::gibbon
1	GraphicsEngine>::addRun(netflix::gibbon::GlyphString const&, int, int, netflix::gibbon::Rect const&, std::shared_ptr<netflix::gibbon
1	SNGAnimator::loadedSurface(SNGAnimator::Event*, std::shared_ptr<netflix::gibbon
1	SNGAnimator::Event::addRectangle(netflix::Variant const&, netflix::gibbon
1	GibbonResource> const&, netflix::ResourceRequest
1	SNGAnimator::Event::SNGSurfaceLoader::onSurfaceDecoded(std::shared_ptr<netflix::gibbon
1	TintFragment::bind(std::shared_ptr<netflix::gibbon
1	TintFragment::setup(std::shared_ptr<netflix::gibbon
1	ChromaKeyFragment::bind(std::shared_ptr<netflix::gibbon
1	ChromaKeyFragment::setup(std::shared_ptr<netflix::gibbon
1	DesaturateFragment::bind(std::shared_ptr<netflix::gibbon
1	DesaturateFragment::setup(std::shared_ptr<netflix::gibbon
1	DisplayListCommand::Reader::readSurface(std::shared_ptr<netflix::gibbon
1	DisplayListCommand::Writer::writeSurface(std::shared_ptr<netflix::gibbon
1	DisplayListCommand::Writer::lookupSurface(std::shared_ptr<netflix::gibbon
1	DisplayListCommand::Writer::SubWriter::writeSurface(std::shared_ptr<netflix::gibbon
1	Surface> const&, netflix::gibbon::Rect const&, netflix::gibbon::Rect const&, netflix::Flags<netflix::gibbon::GraphicsEngine
1	StopThreadEngineEvent::stop(std::shared_ptr<netflix::gibbon
1	ThreadBridge> const&, std::shared_ptr<netflix
1	Font::RenderData> const&, netflix::gibbon
1	Screen::Listener>
1	Surface::Listener>
1	OpenGLProgram>, netflix::LRUOne<std::shared_ptr<netflix::gibbon::OpenGLProgram> >, netflix::gibbon::OpenGLShaders::ProgramPurgable>::insert(std::string const&, std::shared_ptr<netflix::gibbon
1	SurfaceCache::DecodeJob>, netflix::gibbon::SurfaceCache::DecodeJob>::append(std::shared_ptr<netflix::gibbon::SurfaceCache
1	SurfaceCache::DecodeJob>, netflix::gibbon::SurfaceCache::DecodeJob>::remove(std::shared_ptr<netflix::gibbon::SurfaceCache
1	Animation::KeyFrame>, netflix::gibbon::Animation::KeyFrame>::append(std::shared_ptr<netflix::gibbon::Animation
1	Benchmarks::run(std::string const&, std::vector<std::string, std::allocator<std
1	ContextPNG::decode(netflix::Time const&, netflix::gibbon::SurfaceDecoder
1	EffectBlur::setAnimatedProperty(int, netflix
1	EffectBlur::setParams(netflix
1	EffectDiff::setAnimatedProperty(int, netflix
1	EffectDiff::setParams(netflix
1	EffectMask::setAnimatedProperty(int, netflix
1	EffectMask::setParams(netflix
1	EffectNull::setParams(netflix
1	EffectTint::setAnimatedProperty(int, netflix
1	EffectTint::setParams(netflix
1	FrameGraph
1	GRPCBridge::invoke(int, netflix
1	GlyphCache::Data::glyphAlpha(netflix::gibbon::Glyph&, netflix::gibbon::Font*, FT_GlyphSlotRec_* const&, int, unsigned int, netflix::gibbon::FontGravity, netflix::gibbon::FontMatrix const&, netflix::gibbon::Glyph
1	GlyphCache::Data::glyphColor(netflix::gibbon::Glyph&, netflix::gibbon::Font*, FT_GlyphSlotRec_* const&, unsigned int, netflix::gibbon::Glyph
1	GlyphCache::Data::cachedGlyph(netflix::gibbon::GlyphCache::GlyphKey const&, unsigned int, netflix::gibbon::Glyph
1	GlyphCache::Data::glyph(netflix::gibbon::GlyphCache::GlyphKey&&, netflix::gibbon::Font*, FT_GlyphSlotRec_* const&, int, unsigned int, unsigned int, netflix::gibbon::FontGravity, netflix::gibbon::FontMatrix const&, netflix::gibbon::Glyph
1	GlyphCache::Scope::glyph(netflix::gibbon::Font*, unsigned int, unsigned int, netflix::gibbon::FontGravity, netflix::gibbon::FontMatrix const&, netflix::gibbon::Glyph
1	GlyphCache::dumper(netflix
1	InputEvent::Scope
1	InputEvent::Scope::sendEvent(std::shared_ptr<netflix::gibbon
1	TextBridge::setProperty(int, netflix
1	TextBridge::TextListener::onLayoutChanged(netflix
1	TextBridge::handleLayoutChanged(netflix
1	TextBridge::updateEventListeners(std
1	TextBridge::invoke(int, netflix
1	TextEngine::drawLayout(netflix::gibbon::GraphicsEngine*, netflix::gibbon::TextLayout const&, netflix::gibbon
1	TextEngine::layoutText(netflix::gibbon::TextLayout&, netflix::gibbon::TextItemizerData const&, netflix::gibbon
1	TextEngine::getCursorRect(netflix::gibbon::TextLayout const&, netflix::gibbon::TextCursorPosition const&, netflix::gibbon::TextCursorPosition const&, netflix::gibbon::Style::TextDirection&, netflix::gibbon::Rect&, netflix::gibbon
1	TextEngine::getLayoutPositions(netflix::gibbon::TextLayout const&, netflix::gibbon::Rect const&, netflix
1	TextEngine::getCursorClusterForPosition(netflix::gibbon::TextLayout const&, netflix::gibbon::Text
1	TextEngine
1	TextLayout::finishLine(netflix::gibbon
1	TextLayout::directionForText(std
1	TextLayout::realign(netflix::gibbon
1	TextLayout::alignLine(netflix::gibbon
1	prettyRect(netflix::gibbon
1	ContextJPEG::decodeScanLine(netflix::gibbon::SurfaceDecoder
1	ContextJPEG::decode(netflix::Time const&, netflix::gibbon::SurfaceDecoder
1	ContextWebP::decode(netflix::Time const&, netflix::gibbon::SurfaceDecoder
1	DisplayList::enterBlock(netflix::gibbon
1	DisplayList::appendCommand(netflix::gibbon::DisplayList
1	DisplayList::appendComment(std
1	DisplayList::CommandCreator<BlitCommand>::create(netflix::gibbon::DisplayList
1	DisplayList::CommandCreator<FlushCommand>::create(netflix::gibbon::DisplayList
1	DisplayList::CommandCreator<StartCommand>::create(netflix::gibbon::DisplayList
1	DisplayList::CommandCreator<CommentCommand>::create(netflix::gibbon::DisplayList
1	DisplayList::CommandCreator<SetClipCommand>::create(netflix::gibbon::DisplayList
1	DisplayList::CommandCreator<DrawRectCommand>::create(netflix::gibbon::DisplayList
1	DisplayList::CommandCreator<DrawTextCommand>::create(netflix::gibbon::DisplayList
1	DisplayList::CommandCreator<FillRectCommand>::create(netflix::gibbon::DisplayList
1	DisplayList::CommandCreator<BatchBlitCommand>::create(netflix::gibbon::DisplayList
1	DisplayList::CommandCreator<ClearClipCommand>::create(netflix::gibbon::DisplayList
1	DisplayList::CommandCreator<ClearRectCommand>::create(netflix::gibbon::DisplayList
1	DisplayList::CommandCreator<EnterBlockCommand>::create(netflix::gibbon::DisplayList
1	DisplayList::CommandCreator<FlushStateCommand>::create(netflix::gibbon::DisplayList
1	DisplayList::CommandCreator<LeaveBlockCommand>::create(netflix::gibbon::DisplayList
1	DisplayList::CommandCreator<SetOpacityCommand>::create(netflix::gibbon::DisplayList
1	DisplayList::CommandCreator<TextureMapCommand>::create(netflix::gibbon::DisplayList
1	DisplayList::CommandCreator<RenderStateCommand>::create(netflix::gibbon::DisplayList
1	DisplayList::CommandCreator<SetTransformCommand>::create(netflix::gibbon::DisplayList
1	DisplayList::CommandCreator<SetSmoothScaleCommand>::create(netflix::gibbon::DisplayList
1	DisplayList::CommandCreator<SetCompositionModeCommand>::create(netflix::gibbon::DisplayList
1	DisplayList::CommandCreator<netflix::gibbon::DrawGlyphsCommand>::create(netflix::gibbon::DisplayList
1	DisplayList::CommandCreator<netflix::gibbon::BlurEffectGLES2Command>::create(netflix::gibbon::DisplayList
1	DisplayList::CommandCreator<netflix::gibbon::ShaderEffectGLES2Command>::create(netflix::gibbon::DisplayList
1	DisplayList::dump(std::shared_ptr<netflix::gibbon
1	DisplayList::Reader::read(netflix
1	DisplayList::Writer::write(std::shared_ptr<netflix::gibbon
1	DisplayList::Command::duplicate(netflix::gibbon::DisplayList::Command
1	EffectTrail::setAnimatedProperty(int, netflix
1	EffectTrail::setParams(netflix
1	FontManager::patchFonts(std::string const&, std::string const&, std::string const&, std::vector<netflix::gibbon::FontManager::UnicodeBlock, std::allocator<netflix::gibbon::FontManager
1	FontManager::registerFont(std::shared_ptr<netflix::gibbon::FontManager
1	FontManager::unpatchFonts(std::string const&, std::string const&, std
1	FontManager::reportMissing(unsigned long, std
1	FontManager::updatePatches(std::string const&, std
1	FontManager::unregisterFont(std::string const&, netflix::gibbon::Font::Weight, netflix::gibbon::Font
1	FontManager::dumpFontLinkingTree(unsigned long, netflix::gibbon::Font::Weight, netflix::gibbon::Font::Style, std
1	FontManager::getFontForCodePoint(unsigned long, std::string const&, netflix::gibbon::FontSize, netflix::gibbon::Font::Weight, netflix::gibbon::Font::Style, netflix::gibbon::FontGravity, std
1	FontManager::getFontsForCodePoint(unsigned long, std::string const&, netflix::gibbon::Font::Weight, netflix::gibbon::Font::Style, netflix::gibbon::FontGravity, std
1	FontManager::addFontsFromDirectory(std
1	FontManager::dumper(netflix
1	FontManager::getFont(std::string const&, netflix::gibbon::FontSize, netflix::gibbon::Font::Weight, netflix::gibbon::Font::Style, netflix::gibbon
1	FontManager::cacheFont(std::shared_ptr<netflix::gibbon
1	FontManager::cacheFont(std::shared_ptr<netflix::gibbon::Font> const&, std
1	GlyphString::visualLtrim(unsigned int, unsigned int, std::shared_ptr<netflix::gibbon
1	GlyphString::visualRtrim(unsigned int, unsigned int, std::shared_ptr<netflix::gibbon
1	GlyphString::ltrim(unsigned int, unsigned int, std::shared_ptr<netflix::gibbon
1	GlyphString::rtrim(unsigned int, unsigned int, std::shared_ptr<netflix::gibbon
1	ImageBridge::onImageEvent(std::shared_ptr<netflix::gibbon::Image> const&, netflix
1	ImageBridge::onImageLoaded(std::shared_ptr<netflix::gibbon::Image> const&, bool, netflix::gibbon::SurfaceLoader
1	ImageBridge::onImageStarted(std::shared_ptr<netflix::gibbon
1	ImageBridge::imageLoadProperties(std::shared_ptr<netflix::gibbon::Image> const&, netflix::gibbon::SurfaceLoader
1	OpenGLState::flushScope(netflix::gibbon::OpenGLState
1	getEllipsis(std::shared_ptr<netflix::gibbon::Style>, netflix::gibbon::Rect&, std::shared_ptr<netflix::gibbon
1	EffectBridge::setProperty(int, netflix
1	EffectBridge::setProperties(int, netflix
1	EffectBridge::invoke(int, netflix
1	EffectShader::initUniform(netflix::gibbon::EffectShader::Data::Uniforms&, netflix
1	EffectShader::updateUniform(netflix::gibbon::EffectShader::Data::Uniform&, netflix
1	EffectShader::setAnimatedProperty(int, netflix
1	EffectShader::Data::toDataBuffer<signed char>(netflix
1	EffectShader::Data::toDataBuffer<double>(netflix
1	EffectShader::Data::toDataBuffer<float>(netflix
1	EffectShader::Data::toDataBuffer<unsigned char>(netflix
1	EffectShader::Data::toDataBuffer<int>(netflix
1	EffectShader::Data::toDataBuffer<unsigned int>(netflix
1	EffectShader::Data::toDataBuffer<short>(netflix
1	EffectShader::Data::toDataBuffer<unsigned short>(netflix
1	EffectShader::setParams(netflix
1	EffectSource::create(std::shared_ptr<netflix::gibbon::Effect> const&, netflix
1	EffectSource::create(std::shared_ptr<netflix::gibbon::Effect> const&, std::shared_ptr<netflix::gibbon
1	EffectSource::Listener::onNeedsRect(std::shared_ptr<netflix::gibbon
1	EffectSource::Listener::onImageEvent(netflix
1	EffectSource::Listener::onImageLoaded(std::shared_ptr<netflix::gibbon::SurfaceSource> const&, netflix::gibbon::SurfaceLoader
1	EffectSource::Listener::onNeedsRender(std::shared_ptr<netflix::gibbon
1	EffectSource::Listener::changed(netflix
1	FontInternal<false, (netflix::gibbon::FontGravity::Gravity)0, (netflix::gibbon::Font::GravityOrientation)1>::getExtents(netflix::gibbon::Font*, hb_buffer_t*, int, netflix::gibbon::Rect*, netflix::gibbon
1	FontInternal<false, (netflix::gibbon::FontGravity::Gravity)0, (netflix::gibbon::Font::GravityOrientation)1>::prepareText(netflix::gibbon::Font*, hb_buffer_t*, int, int, netflix::gibbon::Rect const&, std::shared_ptr<netflix::gibbon::Style> const&, std::shared_ptr<netflix::gibbon::Font::RenderData>&, std::shared_ptr<netflix::gibbon::Font
1	FontInternal<false, (netflix::gibbon::FontGravity::Gravity)1, (netflix::gibbon::Font::GravityOrientation)1>::getExtents(netflix::gibbon::Font*, hb_buffer_t*, int, netflix::gibbon::Rect*, netflix::gibbon
1	FontInternal<false, (netflix::gibbon::FontGravity::Gravity)1, (netflix::gibbon::Font::GravityOrientation)1>::prepareText(netflix::gibbon::Font*, hb_buffer_t*, int, int, netflix::gibbon::Rect const&, std::shared_ptr<netflix::gibbon::Style> const&, std::shared_ptr<netflix::gibbon::Font::RenderData>&, std::shared_ptr<netflix::gibbon::Font
1	FontInternal<false, (netflix::gibbon::FontGravity::Gravity)2, (netflix::gibbon::Font::GravityOrientation)0>::getExtents(netflix::gibbon::Font*, hb_buffer_t*, int, netflix::gibbon::Rect*, netflix::gibbon
1	FontInternal<false, (netflix::gibbon::FontGravity::Gravity)2, (netflix::gibbon::Font::GravityOrientation)0>::prepareText(netflix::gibbon::Font*, hb_buffer_t*, int, int, netflix::gibbon::Rect const&, std::shared_ptr<netflix::gibbon::Style> const&, std::shared_ptr<netflix::gibbon::Font::RenderData>&, std::shared_ptr<netflix::gibbon::Font
1	FontInternal<false, (netflix::gibbon::FontGravity::Gravity)3, (netflix::gibbon::Font::GravityOrientation)0>::getExtents(netflix::gibbon::Font*, hb_buffer_t*, int, netflix::gibbon::Rect*, netflix::gibbon
1	FontInternal<false, (netflix::gibbon::FontGravity::Gravity)3, (netflix::gibbon::Font::GravityOrientation)0>::prepareText(netflix::gibbon::Font*, hb_buffer_t*, int, int, netflix::gibbon::Rect const&, std::shared_ptr<netflix::gibbon::Style> const&, std::shared_ptr<netflix::gibbon::Font::RenderData>&, std::shared_ptr<netflix::gibbon::Font
1	FontInternal<true, (netflix::gibbon::FontGravity::Gravity)0, (netflix::gibbon::Font::GravityOrientation)1>::prepareText(netflix::gibbon::Font*, hb_buffer_t*, int, int, netflix::gibbon::Rect const&, std::shared_ptr<netflix::gibbon::Style> const&, std::shared_ptr<netflix::gibbon::Font::RenderData>&, std::shared_ptr<netflix::gibbon::Font
1	FontInternal<true, (netflix::gibbon::FontGravity::Gravity)1, (netflix::gibbon::Font::GravityOrientation)1>::prepareText(netflix::gibbon::Font*, hb_buffer_t*, int, int, netflix::gibbon::Rect const&, std::shared_ptr<netflix::gibbon::Style> const&, std::shared_ptr<netflix::gibbon::Font::RenderData>&, std::shared_ptr<netflix::gibbon::Font
1	FontInternal<true, (netflix::gibbon::FontGravity::Gravity)2, (netflix::gibbon::Font::GravityOrientation)0>::prepareText(netflix::gibbon::Font*, hb_buffer_t*, int, int, netflix::gibbon::Rect const&, std::shared_ptr<netflix::gibbon::Style> const&, std::shared_ptr<netflix::gibbon::Font::RenderData>&, std::shared_ptr<netflix::gibbon::Font
1	FontInternal<true, (netflix::gibbon::FontGravity::Gravity)3, (netflix::gibbon::Font::GravityOrientation)0>::prepareText(netflix::gibbon::Font*, hb_buffer_t*, int, int, netflix::gibbon::Rect const&, std::shared_ptr<netflix::gibbon::Style> const&, std::shared_ptr<netflix::gibbon::Font::RenderData>&, std::shared_ptr<netflix::gibbon::Font
1	FreetypeFace::select(netflix::gibbon
1	FreetypeSize::activate(netflix::gibbon::FreetypeSize
1	GibbonBridge::eventFired(std::shared_ptr<netflix::EventLoop
1	GibbonBridge::localeInfo(netflix
1	GibbonBridge::removeFont(netflix
1	GibbonBridge::runConsole(netflix
1	GibbonBridge::startTimer(netflix
1	GibbonBridge::addInjectJS(netflix
1	GibbonBridge::dumpNetwork(netflix
1	GibbonBridge::getHeapSize(netflix
1	GibbonBridge::measureText(netflix
1	GibbonBridge::reloadFonts(netflix
1	GibbonBridge::setProperty(int, netflix
1	GibbonBridge::stopRequest(netflix
1	GibbonBridge::startRequest(netflix
1	GibbonBridge::startRequest(std::shared_ptr<netflix::gibbon
1	GibbonBridge::diskCacheInfo(netflix
1	GibbonBridge::dumpDiskCache(netflix
1	GibbonBridge::graphicsError(netflix
1	GibbonBridge::showErrorPage(netflix
1	GibbonBridge::clearDiskCache(netflix
1	GibbonBridge::cpuProfileStop(netflix
1	GibbonBridge::dnsManagerInfo(netflix
1	GibbonBridge::endPendingSync(netflix
1	GibbonBridge::flushDiskCache(netflix
1	GibbonBridge::garbageCollect(netflix
1	GibbonBridge::getRenderedFps(netflix
1	GibbonBridge::removeInjectJS(netflix
1	GibbonBridge::cpuProfileStart(netflix
1	GibbonBridge::diskCacheInsert(netflix
1	GibbonBridge::diskCacheRemove(netflix
1	GibbonBridge::dnsManagerClear(netflix
1	GibbonBridge::fontManagerInfo(netflix
1	GibbonBridge::reinitDiskCache(netflix
1	GibbonBridge::requestFinished(std::shared_ptr<netflix::gibbon
1	GibbonBridge::setPrefetchUrls(std::string const&, netflix
1	GibbonBridge::beginPendingSync(netflix
1	GibbonBridge::directionForText(netflix
1	GibbonBridge::surfaceCacheInfo(netflix
1	GibbonBridge::dnsManagerRestart(netflix
1	GibbonBridge::setGlyphAtlasSize(netflix
1	GibbonBridge::clearDiskCacheStats(netflix
1	GibbonBridge::resourceManagerInfo(netflix
1	GibbonBridge::getNetworkStatistics(netflix
1	GibbonBridge::resourceManagerClear(netflix
1	GibbonBridge::diskCachePurgeExpired(netflix
1	GibbonBridge::pendingSync_addInvoke(std::string const&, int, netflix
1	GibbonBridge::resourceManagerRemove(netflix
1	GibbonBridge::diskCacheSetWriteLimit(netflix
1	GibbonBridge::pendingSync_createText(int, netflix
1	GibbonBridge::reportCodepointMissing(std
1	GibbonBridge::resourceManagerDisable(netflix
1	GibbonBridge::addSocketizerConditions(netflix
1	GibbonBridge::pendingSync_createImage(int, int, netflix
1	GibbonBridge::surfaceCacheSetCapacity(netflix
1	GibbonBridge::pendingSync_createEffect(int, int, netflix
1	GibbonBridge::pendingSync_createPlayer(int, int, netflix
1	GibbonBridge::pendingSync_createWidget(int, netflix
1	GibbonBridge::resourceManagerSetOption(netflix
1	GibbonBridge::setTextBreakSuppressions(netflix
1	GibbonBridge::pendingSync_addTextChange(int, int, netflix
1	GibbonBridge::getWidgetGlobalCoordinates(netflix
1	GibbonBridge::pendingSync_addImageChange(int, int, int, netflix
1	GibbonBridge::resourceManagerSetCapacity(netflix
1	GibbonBridge::pendingSync_addEffectChange(int, int, int, netflix
1	GibbonBridge::pendingSync_addPlayerChange(int, int, int, netflix
1	GibbonBridge::pendingSync_addWidgetChange(int, int, netflix
1	GibbonBridge::eval(netflix
1	GibbonBridge::hash(netflix
1	GibbonBridge::sync(netflix
1	GibbonBridge::invoke(netflix
1	GibbonBridge::invoke(int, netflix
1	GibbonBridge::setStat(netflix
1	GibbonBridge::loadFont(netflix
1	GibbonBridge::stopTask(netflix
1	GibbonBridge::uiLoaded(netflix
1	GibbonBridge::moveMouse(netflix
1	GibbonBridge::setCookie(netflix
1	GibbonBridge::startTask(netflix
1	GibbonBridge::stopTimer(netflix
1	GibbonBridge::widgetsAt(netflix
1	OpenGLShader::Part::bind(std::shared_ptr<netflix::gibbon
1	OpenGLShader::Part::setup(std::shared_ptr<netflix::gibbon
1	OpenGLShader::Part::define(std::shared_ptr<netflix::gibbon
1	PlayerBridge::setProperty(int, netflix
1	PlayerBridge::invoke(int, netflix
1	ScreenBridge::setProperty(int, netflix
1	ScreenBridge::invoke(int, netflix
1	SurfaceCache::addSurface(std::shared_ptr<netflix::gibbon
1	SurfaceCache::addListener(std::shared_ptr<netflix::gibbon::SurfaceCache
1	SurfaceCache::setCacheKey(std::shared_ptr<netflix::gibbon::Surface> const&, netflix
1	SurfaceCache::createCacheKey(netflix::ResourceRequest::Data const&, netflix
1	SurfaceCache::removeListener(std::shared_ptr<netflix::gibbon::SurfaceCache
1	SurfaceCache::requestSurface(netflix::gibbon::Surface
1	SurfaceCache::requestSurface(float, float, netflix::Flags<netflix::gibbon::Surface
1	SurfaceCache::startDecodeJob(std::shared_ptr<netflix::gibbon::SurfaceCache
1	SurfaceCache::finishDecodeJob(std::shared_ptr<netflix::gibbon::SurfaceCache
1	SurfaceCache::surfaceReleased(std::shared_ptr<netflix::gibbon
1	SurfaceCache::processLoadRequest(std::shared_ptr<netflix::gibbon
1	SurfaceCache::surfaceSizeChanged(netflix::gibbon
1	SurfaceCache::processLoadResponse(std::shared_ptr<netflix::gibbon::SurfaceLoader> const&, std::shared_ptr<netflix::gibbon::GibbonResource> const&, netflix::ResourceRequest
1	SurfaceCache::processLoadResponse(std::shared_ptr<netflix::gibbon::SurfaceLoader> const&, std::shared_ptr<netflix::gibbon
1	SurfaceCache::notifySurfaceModified(std::shared_ptr<netflix::gibbon::Surface> const&, netflix::gibbon::SurfaceCache::Listener
1	SurfaceCache::processSurfaceDecoded(std::shared_ptr<netflix::gibbon::SurfaceLoader> const&, std::shared_ptr<netflix::gibbon
1	SurfaceCache::updateSurfaceLoadGeometry(std::multimap<netflix::DataBuffer, netflix::gibbon::SurfaceLoadGeometry, std::less<netflix::DataBuffer>, std::allocator<std::pair<netflix::DataBuffer const, netflix::gibbon
1	SurfaceCache::load(std::shared_ptr<netflix::gibbon
1	SurfaceCache::abort(std::shared_ptr<netflix::gibbon
1	SurfaceCache::alloc(float, float, netflix::Flags<netflix::gibbon::Surface
1	SurfaceCache::clear(netflix::gibbon::SurfaceCache
1	SurfaceCache::touch(netflix::gibbon::SurfaceCache
1	SurfaceCache::touch(std::shared_ptr<netflix::gibbon
1	SurfaceCache::addJob(std::shared_ptr<netflix
1	SurfaceCache::decode(std::shared_ptr<netflix::gibbon::GibbonResource> const&, std::shared_ptr<netflix::gibbon
1	SurfaceCache::remove(netflix::gibbon::SurfaceCache
1	SurfaceCache::remove(std::shared_ptr<netflix::gibbon
1	SurfaceCache::matches(std::shared_ptr<netflix::gibbon::Surface> const&, int, int, netflix::Flags<netflix::gibbon::Surface
1	SurfaceCache::replace(std::shared_ptr<netflix::gibbon::Surface>&, std::shared_ptr<netflix::gibbon
1	SurfaceCache::Listener::onSurfaceDecode(std::shared_ptr<netflix::gibbon
1	SurfaceCache::Listener::onSurfaceDecoded(netflix::gibbon::SurfaceLoader::DecodeInfo const&, std::shared_ptr<netflix::gibbon
1	SurfaceCache::Listener::onSurfaceModified(std::shared_ptr<netflix::gibbon::Surface> const&, netflix::gibbon::SurfaceCache::Listener
1	SurfaceCache::Listener::onSurfaceDownloaded(std::shared_ptr<netflix::gibbon::GibbonResource> const&, netflix::ResourceRequest
1	SurfaceCache::DecodeJob::decode(netflix
1	SurfaceCache::quickFind(netflix
1	TextItemizer::countGraphemes(icu_58::UnicodeString&, std
1	TextItemizer::getEmphasisMarks(netflix::gibbon::GlyphString const&, std::shared_ptr<netflix::gibbon::Style> const&, std::shared_ptr<netflix::gibbon
1	TextItemizer::createHarfbuzzBuffer(std::shared_ptr<netflix::gibbon::Style> const&, icu_58
1	TextItemizer::itemize(netflix::gibbon::TextItemizerData&, std::string const&, std::shared_ptr<netflix::gibbon::Style> const&, netflix::gibbon::TextCursor const&, netflix::Flags<netflix::gibbon::TextItemizer
1	ThreadBridge::startThread(netflix::gibbon::GibbonScriptBindings::LocationData const&, std::string const&, std::shared_ptr<netflix
1	ThreadBridge::stateChanged(netflix::gibbon::ThreadBridge
1	ThreadBridge::send(std::string const&, netflix
1	WidgetBridge::createImage(int, netflix::gibbon::Image
1	WidgetBridge::removeImage(std::shared_ptr<netflix::gibbon
1	WidgetBridge::setProperty(int, netflix
1	WidgetBridge::createEffect(int, netflix::gibbon::Effect
1	WidgetBridge::createEffect(int, netflix
1	WidgetBridge::createPlayer(int, netflix
1	WidgetBridge::removeEffect(std::shared_ptr<netflix::gibbon
1	WidgetBridge::removePlayer(std::shared_ptr<netflix::gibbon
1	WidgetBridge::setProperties(int, netflix
1	WidgetBridge::WidgetListener::onAnimationFinished(netflix::gibbon::Widget::Property, netflix::gibbon
1	WidgetBridge::setAnimatedProperty(netflix::gibbon::Widget::Property, netflix::Variant, netflix::Variant, netflix::gibbon::Animation
1	WidgetBridge::setAnimatedProperty(netflix::gibbon::Widget::Property, netflix
1	WidgetBridge::updateEventListeners(std
1	WidgetBridge::handleAnimationFinished(netflix::gibbon::Widget::Property, netflix::gibbon
1	WidgetBridge::invoke(int, netflix
1	truncate_run(netflix::gibbon
1	GibbonConsole::consoleReceive(std::string const&, std
1	GibbonConsole::dumpStats(std::vector<std::string, std::allocator<std
1	ImageRenderer::add(netflix::gibbon::Rect const&, netflix::gibbon
1	ImageRenderer::render(std::shared_ptr<netflix::gibbon::Image> const&, netflix::gibbon::Rect const&, netflix::Flags<netflix::gibbon
1	OpenGLContext::readPixels(std::shared_ptr<netflix::gibbon::Surface> const&, netflix
1	OpenGLContext::addLazyCleanup(netflix::gibbon::OpenGLContext
1	OpenGLContext::loadEngineState(netflix::gibbon
1	OpenGLContext::graphicsInfo_sys(netflix
1	OpenGLContext::supportsExtension(std
1	OpenGLContext::supportsPlatformExtension(std
1	OpenGLContext::init(netflix::gibbon
1	OpenGLContext::init_sys(netflix::gibbon
1	OpenGLContext::procAddr(std
1	OpenGLProgram::link(netflix::gibbon::OpenGLContext*, char const*, char const*, std::string, std
1	OpenGLProgram::compile(netflix::gibbon::OpenGLContext*, unsigned int, char const*, std::string const&, std
1	OpenGLShaders::findProgramByName(std
1	OpenGLShaders::dump(netflix
1	OpenGLShaders::init(netflix::gibbon
1	OpenGLShaders::dumper(netflix
1	OpenGLShaders
1	SurfaceLoader::DecodeInfo::surfaceDecode(netflix
1	SurfaceLoader::DecodeInfo::attach(std::shared_ptr<netflix::gibbon
1	SurfaceLoader::onDownloaded(std::shared_ptr<netflix::gibbon::GibbonResource> const&, netflix::ResourceRequest
1	SurfaceLoader::onSurfaceDecoded(std::shared_ptr<netflix::gibbon
1	SurfaceSource::addListener(std::shared_ptr<netflix::gibbon::SurfaceSource
1	SurfaceSource::ImageListener::onImageEvent(std::shared_ptr<netflix::gibbon::Image> const&, netflix
1	SurfaceSource::ImageListener::onImageLoaded(std::shared_ptr<netflix::gibbon::Image> const&, bool, netflix::gibbon::SurfaceLoader
1	SurfaceSource::ImageListener::onImageChanged(std::shared_ptr<netflix::gibbon::Image> const&, netflix::gibbon
1	SurfaceSource::ImageListener::onImageDownloaded(std::shared_ptr<netflix::gibbon::Image> const&, netflix::ResourceRequest::State, std::shared_ptr<netflix
1	SurfaceSource::removeListener(std::shared_ptr<netflix::gibbon::SurfaceSource
1	SurfaceSource::load(netflix::gibbon
1	SurfaceSource::Listener::onNeedsRect(std::shared_ptr<netflix::gibbon
1	SurfaceSource::Listener::onImageEvent(netflix
1	SurfaceSource::Listener::onImageLoaded(std::shared_ptr<netflix::gibbon::SurfaceSource> const&, netflix::gibbon::SurfaceLoader
1	SurfaceSource::Listener::onNeedsRender(std::shared_ptr<netflix::gibbon
1	SurfaceSource::Listener::onImageDownloaded(std::shared_ptr<netflix::gibbon::SurfaceSource> const&, netflix::ResourceRequest::State, std::shared_ptr<netflix
1	TextLayoutRun::clone(netflix::gibbon
1	TextureShader::RGBMaskPart::define(std::shared_ptr<netflix::gibbon
1	TextureShader::ColorizePart::define(std::shared_ptr<netflix::gibbon
1	ThreadsBridge::stateChanged(int, netflix::gibbon::ThreadBridge
1	ThreadsBridge::send(std::string const&, netflix
1	ThreadsBridge::invoke(int, netflix
1	is_marked_run(netflix::gibbon
1	nf_gibbon_crt(netflix::gibbon::Surface
1	GraphicsEngine::enterBlock(std::string const&, netflix::gibbon
1	GraphicsEngine::setClip_dl(netflix::gibbon
1	GraphicsEngine::texmap_sys(std::shared_ptr<netflix::gibbon::Surface> const&, std::vector<netflix::gibbon::Point, std::allocator<netflix::gibbon::Point> > const&, std::vector<netflix::gibbon::Point, std::allocator<netflix::gibbon::Point> > const&, netflix::gibbon
1	GraphicsEngine::updateClip(netflix::gibbon
1	GraphicsEngine::drawRect_dl(netflix::gibbon::Rect const&, netflix::gibbon
1	GraphicsEngine::drawText_dl(std::shared_ptr<netflix::gibbon::Font::RenderData> const&, netflix::gibbon
1	GraphicsEngine::drawTexture(unsigned int, float const*, netflix::gibbon::Rect const&, netflix::gibbon::Surface::Format, netflix::gibbon::Color const*, std::shared_ptr<netflix::gibbon
1	GraphicsEngine::setClip_sys(netflix::gibbon
1	GraphicsEngine::batchBlit_dl(std::shared_ptr<netflix::gibbon::Surface> const&, std::vector<netflix::gibbon::Rect, std::allocator<netflix::gibbon::Rect> > const&, std::vector<netflix::gibbon::Rect, std::allocator<netflix::gibbon::Rect> > const&, netflix::gibbon
1	GraphicsEngine::drawRect_sys(netflix::gibbon::Rect const&, netflix::gibbon
1	GraphicsEngine::drawText_sys(std::shared_ptr<netflix::gibbon::Font::RenderData> const&, netflix::gibbon
1	GraphicsEngine::setTransform(netflix::gibbon
1	GraphicsEngine::batchBlit_sys(std::shared_ptr<netflix::gibbon::Surface> const&, std::vector<netflix::gibbon::Rect, std::allocator<netflix::gibbon::Rect> > const&, std::vector<netflix::gibbon::Rect, std::allocator<netflix::gibbon::Rect> > const&, netflix::gibbon
1	GraphicsEngine::drawDebugRect(netflix::gibbon
1	GraphicsEngine::setTransform_dl(netflix::gibbon
1	GraphicsEngine::setProjection_dl(netflix::gibbon
1	GraphicsEngine::setTransform_sys(netflix::gibbon
1	GraphicsEngine::setProjection_sys(netflix::gibbon
1	GraphicsEngine::setSmoothScale_dl(netflix::gibbon::GraphicsEngine
1	GraphicsEngine::drawText_batchBlit(std::shared_ptr<netflix::gibbon::Font::RenderData> const&, netflix::gibbon
1	GraphicsEngine::setSmoothScale_sys(netflix::gibbon::GraphicsEngine
1	GraphicsEngine::drawGlyphRectangles(std::shared_ptr<netflix::gibbon::Font::RenderData> const&, netflix::gibbon
1	GraphicsEngine::drawText_dl_internal(std::shared_ptr<netflix::gibbon::Font::RenderData> const&, netflix::gibbon
1	GraphicsEngine::setCompositionMode_dl(netflix::gibbon::GraphicsEngine
1	GraphicsEngine::setTransform_internal(netflix::gibbon
1	GraphicsEngine::setCompositionMode_sys(netflix::gibbon::GraphicsEngine
1	GraphicsEngine::setProjection_internal(netflix::gibbon
1	GraphicsEngine::setSmoothScale_internal(netflix::gibbon::GraphicsEngine
1	GraphicsEngine::setCompositionMode_internal(netflix::gibbon::GraphicsEngine
1	GraphicsEngine::blit(std::shared_ptr<netflix::gibbon::Surface> const&, netflix::gibbon::Rect const&, netflix::gibbon::Rect const&, netflix::gibbon
1	GraphicsEngine::fill(netflix::gibbon::Rect const&, netflix::gibbon
1	GraphicsEngine::begin(std::shared_ptr<netflix::gibbon::DisplayList> const&, netflix::Flags<netflix::gibbon::GraphicsEngine::Buffer>, netflix::Flags<netflix::gibbon::GraphicsEngine
1	GraphicsEngine::begin(std::shared_ptr<netflix::gibbon::DisplayList> const&, netflix::gibbon::Rect const&, netflix::Flags<netflix::gibbon::GraphicsEngine::Buffer>, netflix::Flags<netflix::gibbon::GraphicsEngine
1	GraphicsEngine::begin(std::shared_ptr<netflix::gibbon::Surface> const&, netflix::Flags<netflix::gibbon::GraphicsEngine::Buffer>, netflix::Flags<netflix::gibbon::GraphicsEngine
1	GraphicsEngine::begin(std::shared_ptr<netflix::gibbon::Surface> const&, netflix::gibbon::Rect const&, netflix::Flags<netflix::gibbon::GraphicsEngine::Buffer>, netflix::Flags<netflix::gibbon::GraphicsEngine
1	GraphicsEngine::clear(netflix::gibbon::Rect const&, netflix::Flags<netflix::gibbon::GraphicsEngine
1	GraphicsEngine::texmap(std::shared_ptr<netflix::gibbon::Surface> const&, std::vector<netflix::gibbon::Point, std::allocator<netflix::gibbon::Point> > const&, std::vector<netflix::gibbon::Point, std::allocator<netflix::gibbon::Point> > const&, netflix::gibbon
1	GraphicsEngine::blit_dl(std::shared_ptr<netflix::gibbon::Surface> const&, netflix::gibbon::Rect const&, netflix::gibbon::Rect const&, netflix::gibbon
1	GraphicsEngine::comment(std
1	GraphicsEngine::drawVBO(std::shared_ptr<netflix::gibbon::VBOShader> const&, std::shared_ptr<netflix::gibbon::Surface> const&, netflix::gibbon::Color const*, unsigned int, int, netflix::gibbon::Rect const&, float, float, netflix::gibbon::GraphicsEngine::CompositionMode, netflix::gibbon::GraphicsEngine
1	GraphicsEngine::fill_dl(netflix::gibbon::Rect const&, netflix::gibbon
1	GraphicsEngine::blit_sys(std::shared_ptr<netflix::gibbon::Surface> const&, netflix::gibbon::Rect const&, netflix::gibbon::Rect const&, netflix::gibbon
1	GraphicsEngine::clear_dl(netflix::gibbon::Rect const&, netflix::Flags<netflix::gibbon::GraphicsEngine
1	GraphicsEngine::drawRect(netflix::gibbon::GraphicsEngine::RectMode, netflix::gibbon::Rect const&, netflix::gibbon::Color const&, netflix::gibbon::GraphicsEngine
1	GraphicsEngine::drawRect(netflix::gibbon::Rect const&, netflix::gibbon
1	GraphicsEngine::drawText(char const*, netflix::gibbon::Rect const&, std::shared_ptr<netflix::gibbon
1	GraphicsEngine::fill_sys(netflix::gibbon::Rect const&, netflix::gibbon
1	GraphicsEngine::Operation::start(char const*, netflix::gibbon
1	GraphicsEngine::Operation::start(char const*, netflix::Variant const&, netflix::gibbon
1	GraphicsEngine::batchBlit(std::shared_ptr<netflix::gibbon::Surface> const&, std::vector<netflix::gibbon::Rect, std::allocator<netflix::gibbon::Rect> > const&, std::vector<netflix::gibbon::Rect, std::allocator<netflix::gibbon::Rect> > const&, netflix::gibbon
1	GraphicsEngine::clear_sys(netflix::gibbon::Rect const&, netflix::Flags<netflix::gibbon::GraphicsEngine
1	GraphicsEngine::texmap_dl(std::shared_ptr<netflix::gibbon::Surface> const&, std::vector<netflix::gibbon::Point, std::allocator<netflix::gibbon::Point> > const&, std::vector<netflix::gibbon::Point, std::allocator<netflix::gibbon::Point> > const&, netflix::gibbon
1	IteratorsCache::getIterator(std::string const&, netflix::gibbon::IteratorsCache
1	IteratorsCache::setBreakSuppressions(netflix
1	SurfaceDecoder::DecodeInfo::init(std::shared_ptr<netflix::gibbon::GibbonResource> const&, std
1	SurfaceDecoder::DecodeInfo::decode(netflix
1	TextLayoutLine::copyNewRun(netflix::gibbon
1	TextLayoutLine::repositionRuns(netflix::gibbon
1	TextLayoutLine::calculateHeight(netflix::gibbon
1	TextLayoutLine::calculateMaxDimensions(netflix::gibbon
1	TextLayoutLine::trim(netflix::gibbon::TextLayoutLine
1	TextLayoutLine::addRun(netflix::gibbon::LayoutContext&, std::shared_ptr<netflix::gibbon
1	TextLayoutLine::alignRuns(netflix::gibbon
1	TextLocaleRuns::addRun(unsigned int, unsigned int, std
1	TextScriptRuns::addRun(unsigned int, unsigned int, std
1	AnimationObject::endAnimatingProperty(int, netflix::gibbon
1	AnimationObject::startAnimatingProperty(int, netflix::gibbon
1	BlurShaderCache::get(netflix::gibbon
1	EffectChromaKey::setParams(netflix
1	GibbonDiskCache::writeAllowed(int, netflix
1	GibbonDiskCache::writeSpeedMeasured(netflix
1	GibbonEventLoop::sendKeyEvent(netflix::gibbon::KeyEvent*, netflix::gibbon::InputEvent
1	GibbonEventLoop::setHoldStyle(std
1	GibbonEventLoop::getAutoRepeat(unsigned int*, std
1	GibbonEventLoop::startAutoRepeat(unsigned int, std
1	GibbonEventLoop::describeHoldStyle(netflix::gibbon::GibbonEventLoop
1	GibbonEventLoop::compress(std::shared_ptr<netflix::EventLoop::Event> const&, netflix::PriorityQueue<std::shared_ptr<netflix::EventLoop
1	GibbonEventLoop::moveMouse(netflix::gibbon
1	SurfaceDecoders::decoder(std::shared_ptr<netflix::gibbon::GibbonResource> const&, std
1	EffectDesaturate::setAnimatedProperty(int, netflix
1	EffectDesaturate::setParams(netflix
1	GibbonBaseBridge::setProperties(int, netflix
1	PrerenderCommand::read(netflix::gibbon::DisplayList
1	TextFontItemizer::processFonts(icu_58::UnicodeString const&, netflix::gibbon
1	DrawGlyphsCommand::read(netflix::gibbon::DisplayList
1	EffectShaderGLES2::setParams(netflix
1	FontManagerDumper::consoleEntry(unsigned int, std::string const&, netflix
1	FontManagerDumper::consolePostProcess(netflix
1	GibbonApplication::eventFired(std::shared_ptr<netflix::EventLoop
1	GibbonApplication::setLocation(netflix::Variant const&, netflix::Flags<netflix::gibbon::GibbonScriptBindings
1	GibbonApplication::removePlayer(std
1	GibbonApplication::removeWidget(std::shared_ptr<netflix::gibbon
1	GibbonApplication::graphicsError(netflix
1	GibbonApplication::setScriptHash(std::string const&, netflix
1	GibbonApplication::garbageCollect(netflix::Flags<netflix::gibbon::GibbonApplication
1	GibbonApplication::setScriptHashes(std::map<std::string, netflix::DataBuffer, std::less<std::string>, std::allocator<std::pair<std::string const, netflix
1	GibbonApplication::initSurfaceCache(netflix
1	GibbonApplication::loadPrefetchUrls(std::string const&, netflix::Variant const&, netflix
1	GibbonApplication::setTextDirection(std
1	GibbonApplication::describeTextDirection(netflix::gibbon::Style
1	GibbonApplication::addSocketizerCondition(netflix
1	GibbonApplication::addSocketizerConditions(netflix
1	GibbonApplication::send(netflix
1	GibbonApplication::reload(netflix::gibbon::GibbonApplication::Location, netflix::Flags<netflix::gibbon::GibbonScriptBindings
1	GibbonApplication::addPlayer(std::string const&, std::shared_ptr<netflix::mediacontrol
1	GibbonApplication::addWidget(std::shared_ptr<netflix::gibbon
1	GibbonConsoleSink::receive(std::string const&, std
1	SurfaceDecoderDDS::decoder(std::shared_ptr<netflix::gibbon::GibbonResource> const&, std
1	SurfaceDecoderKTX::decoder(std::shared_ptr<netflix::gibbon::GibbonResource> const&, std
1	SurfaceDecoderPNG::encode(std::shared_ptr<netflix::gibbon
1	SurfaceDecoderPNG::decoder(std::shared_ptr<netflix::gibbon::GibbonResource> const&, std
1	SurfaceDecoderSNG::decoder(std::shared_ptr<netflix::gibbon::GibbonResource> const&, std
1	SurfaceLoadSource::init(netflix::Flags<netflix::gibbon::SurfaceLoadSource
1	SurfaceLoadSource::operator=(netflix::gibbon
1	TextAttributeRuns::swap(netflix::gibbon
1	TextDirectionRuns::addRun(unsigned int, unsigned int, int, netflix::gibbon::Style
1	TextLineBreakRuns::addRun(unsigned int, netflix::gibbon::TextLineBreakRun
1	ImageSurfaceLoader::onDownloaded(std::shared_ptr<netflix::gibbon::GibbonResource> const&, netflix::ResourceRequest
1	ImageSurfaceLoader::onSurfaceDecoded(std::shared_ptr<netflix::gibbon
1	SurfaceCacheDumper::consoleEntry(unsigned int, std::string const&, netflix
1	SurfaceCacheDumper::consolePostProcess(netflix
1	SurfaceDecoderJPEG::decoder(std::shared_ptr<netflix::gibbon::GibbonResource> const&, std
1	SurfaceDecoderMSKD::decoder(std::shared_ptr<netflix::gibbon::GibbonResource> const&, std
1	SurfaceDecoderWebP::decoder(std::shared_ptr<netflix::gibbon::GibbonResource> const&, std
1	SyncObjectListener::onFinalize(netflix::ScriptEngine
1	SyncObjectListener::finalize(netflix
1	SyncObjectListener::onCreate(netflix::ScriptEngine::Object&, netflix::ScriptEngine
1	TextCursorPosition::fromVariant(netflix
1	TextItemizerLayout::layout(netflix::gibbon::TextItemizerData const&, netflix::gibbon::TextLayout&, netflix::gibbon
1	TextLocaleItemizer::processLocales(netflix::gibbon::TextLocaleRuns&, icu_58::UnicodeString const&, netflix::gibbon
1	TextObjectListener::onCreate(netflix::ScriptEngine::Object&, netflix::ScriptEngine
1	TextScriptItemizer::processScripts(netflix::gibbon::TextScriptRuns&, icu_58
1	describeProperties(netflix::device
1	nf_gl_flushEntries<unsigned int>(std::set<unsigned int, std::less<unsigned int>, std
1	nf_gl_flushEntries<unsigned int>(std::set<unsigned int, std::less<unsigned int>, std::allocator<unsigned int> > const&, std::set<unsigned int, std::less<unsigned int>, std
1	GibbonConfiguration::addInjectJS(netflix::ConfigurationOption::FunctionMode, netflix
1	GibbonConfiguration::hasInjectJS(std
1	GibbonConfiguration::addScriptHash(netflix::ConfigurationOption::FunctionMode, netflix
1	GibbonConfiguration::addScriptHash(std::string const&, netflix
1	GibbonConfiguration::removeInjectJS(std
1	GibbonConfiguration::addScriptHashes(std::map<std::string, netflix::DataBuffer, std::less<std::string>, std::allocator<std::pair<std::string const, netflix
1	GibbonConfiguration::parsePrefetchUrl(netflix::ConfigurationOption::FunctionMode, netflix
1	GibbonConfiguration::setUIAspectRatio(netflix::ConfigurationOption::FunctionMode, netflix
1	GibbonConfiguration::setSplashScreenMode(netflix::ConfigurationOption::FunctionMode, netflix
1	GibbonConfiguration::init(int, char**, std::vector<netflix::ConfigurationOption, std::allocator<netflix
1	GibbonCookieManager::processCookie(netflix::Url const&, std
1	GibbonCookieManager::processHeaders(netflix::Url const&, netflix
1	GibbonCookieManager::cookies(netflix::Url const&, netflix::Flags<netflix::gibbon::GibbonCookieManager
1	OpenGLShadersDumper::consoleEntry(unsigned int, std::string const&, netflix
1	PlayerRenderCommand::read(netflix::gibbon::DisplayList
1	SurfaceDecoderSpine::decoder(std::shared_ptr<netflix::gibbon::GibbonResource> const&, std
1	TextGravityItemizer::processGravity(icu_58::UnicodeString const&, netflix::gibbon
1	GibbonDebuggerBridge::updateWidget(netflix
1	GibbonDebuggerBridge::notifyClicked(std::vector<std::shared_ptr<netflix::gibbon::Widget>, std::allocator<std::shared_ptr<netflix::gibbon
1	GibbonDebuggerBridge::updateLocation(netflix
1	GibbonDebuggerBridge::endMediaRequest(std::shared_ptr<netflix::mediacontrol
1	GibbonDebuggerBridge::beginMediaRequest(std::shared_ptr<netflix::mediacontrol
1	GibbonDebuggerBridge::endResourceRequest(std::shared_ptr<netflix::ResourceRequest> const&, std::shared_ptr<netflix::Resource> const&, netflix::ResourceRequest
1	GibbonDebuggerBridge::beginResourceRequest(std::shared_ptr<netflix
1	GibbonDebuggerBridge::processInstrumentation(netflix
1	GibbonDebuggerBridge::invoke(int, netflix
1	GibbonScriptBindings::loadScript(netflix
1	GibbonScriptBindings::setLocation(netflix::gibbon::GibbonScriptBindings
1	GibbonScriptBindings::stateChanged(netflix::ScriptBindings
1	GibbonScriptBindings::bindPrototype(netflix::ScriptEngine::Object&&, netflix::NfObject
1	GibbonScriptBindings::showErrorPage(netflix
1	GibbonScriptBindings::showErrorPage(std::shared_ptr<netflix::Resource> const&, netflix::ScriptEngine
1	GibbonScriptBindings::getScriptStats(netflix::Flags<netflix::gibbon::GibbonScriptBindings
1	GibbonScriptBindings::createEventConnection(netflix::ScriptEngine
1	GibbonScriptBindings::dump(std
1	GibbonScriptBindings::evaluate(netflix::DataBuffer const&, netflix::Url const&, netflix::ScriptEngine::Value*, netflix::ScriptEngine
1	find_run_to_truncate(netflix::gibbon::TextLayoutLineIterator&, netflix::gibbon
1	GibbonEventConnection::writeResponse(netflix
1	GibbonEventConnection::sendEvent(std::shared_ptr<netflix::gibbon::GibbonEventConnection
1	GibbonResourceManager::ipv4Failover(std::shared_ptr<netflix::ResourceManager
1	GibbonResourceManager::startRequest(std::shared_ptr<netflix
1	GibbonResourceManager::validateHash(std::shared_ptr<netflix::gibbon::GibbonResourceRequest> const&, std::shared_ptr<netflix::gibbon
1	GibbonResourceManager::createResource(std::shared_ptr<netflix
1	GibbonResourceManager::requestFinished(std::shared_ptr<netflix::ResourceRequest> const&, std::shared_ptr<netflix::Resource> const&, netflix::ResourceRequest
1	GibbonResourceManager::resourceFinished(std::shared_ptr<netflix::Resource> const&, netflix::ResourceRequest
1	GibbonResourceManager::requestRedirected(std::shared_ptr<netflix
1	GibbonResourceManager::handleLocalControl(std::shared_ptr<netflix
1	GibbonResourceManager::isNBP(netflix
1	GibbonResourceManager::cookies(std::shared_ptr<netflix
1	GibbonResourceManager::isSecure(netflix
1	GibbonResourceRequest::onComplete(std::shared_ptr<netflix::Resource> const&, netflix::ResourceRequest
1	TextDirectionItemizer::processDirection(netflix::gibbon::TextDirectionRuns&, icu_58::UnicodeString&, std::shared_ptr<netflix::gibbon
1	TextWordBreakItemizer::processWordBreaks(icu_58::UnicodeString&, std::shared_ptr<netflix::gibbon::Style> const&, netflix::gibbon::TextLocaleRuns&, netflix::gibbon
1	BlurEffectGLES2Command::read(netflix::gibbon::DisplayList
1	SurfaceDecoderPlatform::decoder(std::shared_ptr<netflix::gibbon::GibbonResource> const&, std
1	TextAttributesItemizer::processAttributes(netflix::gibbon::TextAttributeRuns&, icu_58::UnicodeString&, std::string const&, std::shared_ptr<netflix::gibbon
1	TextItemizerTruncation::truncate(netflix::gibbon
1	TextLayoutLineIterator::operator=(netflix::gibbon
1	DebuggerInstrumentation::receive(netflix
1	ShaderEffectGLES2Command::read(netflix::gibbon::DisplayList
1	unicodeStringToUTF8String(icu_58
1	OpenGLShaderManagerCommand::read(netflix::gibbon::DisplayList
1	CommitPlaybackGroupsCommand::read(netflix::gibbon::DisplayList
1	Font::RenderData
1	Font::RenderData::merge(std::shared_ptr<netflix::gibbon::Font
1	Font::getExtents(hb_buffer_t*, int, netflix::gibbon::Rect*, netflix::gibbon
1	Font::getFontName(std::string const&, netflix::gibbon::Font::Weight, netflix::gibbon::Font::Style, netflix::gibbon
1	Font::getFontName(std::string const&, netflix::gibbon::Font::Weight, netflix::gibbon::Font::Style, netflix::gibbon::FontGravity, netflix::gibbon
1	Font::prepareText(hb_buffer_t*, int, int, netflix::gibbon::Rect const&, std::shared_ptr<netflix::gibbon::Style>, std::shared_ptr<netflix::gibbon::Font::RenderData>&, std::shared_ptr<netflix::gibbon::Font
1	Font::getCursorRect(hb_buffer_t*, std::shared_ptr<netflix::gibbon
1	Font::initClassification(netflix::gibbon::Font
1	Font::glyphIndexForPosition(hb_buffer_t*, std::shared_ptr<netflix::gibbon
1	Font::BBox::fromString(std
1	Font::init(netflix::Flags<netflix::gibbon::Font
1	Font::glyph(unsigned int, netflix::gibbon::FontGravity, netflix::gibbon::Glyph
1	Font::glyph(unsigned int, netflix::gibbon::FontGravity, netflix::gibbon::FontMatrix const&, netflix::gibbon::Glyph
1	Font::glyph(unsigned int, netflix::gibbon::FontGravity, netflix::gibbon::FontMatrix const&, netflix::gibbon::GlyphCache::Scope&, netflix::gibbon::Glyph
1	Font::cleanup(netflix::Flags<netflix::gibbon::Font
1	Rect::unite(netflix::gibbon
1	Rect::intersect(netflix::gibbon
1	Text::setPadding(netflix::gibbon
1	Text::addListener(std::shared_ptr<netflix::gibbon::Text
1	Text::setDirection(netflix::gibbon::Style
1	Text::setFontStyle(netflix::gibbon::Font
1	Text::setEdgeEffect(netflix::gibbon
1	Text::setFontFamily(std
1	Text::setFontWeight(netflix::gibbon::Font
1	Text::setTextCursor(netflix::gibbon
1	Text::setTypography(netflix::gibbon
1	Text::drawTextCursor(netflix::gibbon::GraphicsEngine*, netflix::gibbon::Rect const&, netflix::gibbon::Color const&, netflix::gibbon::TextCursor::Type, netflix::gibbon::Style::TextDirection, netflix::gibbon::Style
1	Text::dumpRectangles(netflix::gibbon::Text
1	Text::removeListener(std::shared_ptr<netflix::gibbon::Text
1	Text::setTextGravity(netflix::gibbon
1	Text::setBreakingRules(netflix::gibbon
1	Text::setFontPixelSize(netflix::gibbon
1	Text::setTextTruncation(netflix::gibbon
1	Text::setBackgroundColor(netflix::gibbon
1	Text::setTextCursorPosition(netflix::gibbon::TextCursorPosition const&, netflix::gibbon
1	Text::getTextCursorClusterForPosition(netflix::gibbon::Text
1	Text::render(netflix::gibbon::GraphicsEngine*, netflix::gibbon::Rect const&, netflix::Flags<netflix::gibbon
1	Text::setText(std
1	Text::Listener::onLayoutChanged(netflix
1	Text::setColor(netflix::gibbon
1	Text::setLocale(std
1	Text::setScript(std
1	Text::setShadow(netflix::gibbon
1	Image::addListener(std::shared_ptr<netflix::gibbon::Image
1	Image::setSourceRect(netflix::gibbon
1	Image::surfaceLoaded(std::shared_ptr<netflix::gibbon::Surface> const&, netflix::Flags<netflix::gibbon::Image::LoadedFlag>, netflix::gibbon::SurfaceLoader
1	Image::onSurfaceEvent(std::shared_ptr<netflix::gibbon::Surface> const&, netflix
1	Image::removeListener(std::shared_ptr<netflix::gibbon::Image
1	Image::sendImageLoaded(bool, netflix::gibbon::SurfaceLoader
1	Image::onSurfaceChanged(std::shared_ptr<netflix::gibbon::Surface> const&, netflix::gibbon
1	Image::onSurfaceStarted(std::shared_ptr<netflix::gibbon
1	Image::sendImageDownloaded(netflix::ResourceRequest::State, std::shared_ptr<netflix
1	Image::setVerticalAlignment(netflix::Flags<netflix::gibbon::Image
1	Image::setHorizontalAlignment(netflix::Flags<netflix::gibbon::Image
1	Image::load(netflix::gibbon
1	Image::load(netflix::Url const&, netflix::Flags<netflix::gibbon::SurfaceLoadSource::LoadFlag>, std
1	Image::render(netflix::gibbon::GraphicsEngine*, netflix::gibbon::Rect const&, netflix::Flags<netflix::gibbon
1	Image::Listener::onImageEvent(std::shared_ptr<netflix::gibbon::Image> const&, netflix
1	Image::Listener::onImageLoaded(std::shared_ptr<netflix::gibbon::Image> const&, bool, netflix::gibbon::SurfaceLoader
1	Image::Listener::onImageChanged(std::shared_ptr<netflix::gibbon::Image> const&, netflix::gibbon
1	Image::Listener::onImageStarted(std::shared_ptr<netflix::gibbon
1	Image::Listener::onImageDownloaded(std::shared_ptr<netflix::gibbon::Image> const&, netflix::ResourceRequest::State, std::shared_ptr<netflix
1	Image::setParams(netflix
1	Style::describeChange(netflix::gibbon::Style
1	Style::dirtyDescription(netflix::gibbon::Style
1	Style::describeDirection(netflix::gibbon::Style
1	Style::setFont(std::shared_ptr<netflix::gibbon
1	Style::setRuby(std::shared_ptr<netflix::gibbon
1	Style::dirtyFont(netflix::gibbon::Style
1	Style::setLocale(std
1	Effect::addListener(std::shared_ptr<netflix::gibbon::Effect
1	Effect::describeType(netflix::gibbon::Effect
1	Effect::removeListener(std::shared_ptr<netflix::gibbon::Effect
1	Effect::requestSurface(float, float, netflix::Flags<netflix::gibbon::Surface
1	Effect::onEffectChanged(netflix
1	Effect::setAnimatedParam(int, netflix
1	Effect::setAnimatedProperty(int, netflix
1	Effect::endAnimatingProperty(int, netflix::gibbon
1	Effect::startAnimatingProperty(int, netflix::gibbon
1	Effect::create(int, netflix::gibbon::Effect
1	Effect::getType(std
1	Effect::Listener::onEffectChanged(std::shared_ptr<netflix::gibbon::Effect> const&, netflix
1	Effect::Listener::onAnimationFinished(int, netflix::gibbon
1	Effect::setParams(netflix
1	Locale::setLanguage(std
1	Player::frameReady(unsigned long long, netflix
1	Player::stateChanged(unsigned long long, netflix::mediacontrol::IMediaSourcePlayer
1	Player::renderTexture(netflix::gibbon::GraphicsEngine*, netflix::gibbon
1	Player::setVideoProperties(netflix::device
1	Player::videoWindowChanged(unsigned long long, netflix::device
1	Player::error(unsigned long long, netflix
1	Player::render(netflix::gibbon::GraphicsEngine*, netflix::gibbon
1	Player::setMode(netflix::gibbon::Player
1	Player::setPlayer(std::shared_ptr<netflix::mediacontrol
1	Player::updatePts(unsigned long long, netflix
1	Screen::addOverlay(std::shared_ptr<netflix::gibbon
1	Screen::projection(netflix::gibbon::Screen
1	Screen::setOverlay(std::shared_ptr<netflix::gibbon
1	Screen::addListener(std::shared_ptr<netflix::gibbon::Screen
1	Screen::showTooltip(std::string const&, netflix::gibbon
1	Screen::createEffect(netflix::gibbon::Effect
1	Screen::createOverlay(netflix::gibbon::Rect const&, netflix::gibbon
1	Screen::describeEndian(netflix::gibbon::Screen
1	Screen::removeListener(std::shared_ptr<netflix::gibbon::Screen
1	Screen::getSurfaceFormat(std
1	Screen::setConfiguration(netflix::gibbon::Screen
1	Screen::setSurfaceFormat(netflix::gibbon::Screen::SurfaceFormatType, std
1	Screen::setRootDisplayList(std::shared_ptr<netflix::gibbon::DisplayList> const&, netflix::gibbon
1	Screen::createEffectRenderers(std::list<std::shared_ptr<netflix::gibbon::Effect>, std::allocator<std::shared_ptr<netflix::gibbon
1	Screen::describeSurfaceFormat(netflix::gibbon::Surface
1	Screen::createEffectRenderers_internal(std::list<std::shared_ptr<netflix::gibbon::Effect>, std::allocator<std::shared_ptr<netflix::gibbon
1	Screen::grab(netflix::Flags<netflix::gibbon
1	Screen::render(netflix::gibbon::Screen
1	Screen::update(netflix::gibbon::Rect const&, std::shared_ptr<netflix::gibbon
1	Screen::setRoot(std::shared_ptr<netflix::gibbon
1	Screen::Listener::onScreenRendered(netflix::gibbon::GraphicsEngine const*, netflix::gibbon
1	Screen::setEndian(std
1	Widget::setMaxSize(netflix::gibbon
1	Widget::setMinSize(netflix::gibbon
1	Widget::addListener(std::shared_ptr<netflix::gibbon::Widget
1	Widget::needsRender(netflix::gibbon::Rect const&, netflix::Flags<netflix::gibbon::Widget
1	Widget::removeChild(std::shared_ptr<netflix::gibbon
1	Widget::removeImage(std::shared_ptr<netflix::gibbon
1	Widget::renderPlane(netflix::gibbon::GraphicsEngine*, netflix::gibbon::Widget
1	Widget::RecurseMapTo::process(std::shared_ptr<netflix::gibbon::Widget> const&, netflix::gibbon
1	Widget::RecursePurge::process(std::shared_ptr<netflix::gibbon::Widget> const&, netflix::gibbon
1	Widget::removeEffect(std::shared_ptr<netflix::gibbon
1	Widget::renderEffect(netflix::gibbon::GraphicsEngine*, netflix::gibbon
1	Widget::RecurseReload::process(std::shared_ptr<netflix::gibbon::Widget> const&, netflix::gibbon
1	Widget::purgeSurfaces(netflix::Flags<netflix::gibbon::Widget
1	Widget::setLayoutRect(netflix::gibbon
1	Widget::setLoadImages(netflix::gibbon::Widget
1	Widget::removeListener(std::shared_ptr<netflix::gibbon::Widget
1	Widget::setRenderCache(netflix::gibbon::Widget
1	Widget::setScriptEvent(std
1	Widget::onEffectChanged(std::shared_ptr<netflix::gibbon::Effect> const&, netflix
1	Widget::RecursePrerender::process(std::shared_ptr<netflix::gibbon::Widget> const&, netflix::gibbon
1	Widget::RecursePrerender::prerender(std::shared_ptr<netflix::gibbon
1	Widget::RecurseWidgetsAt::process(std::shared_ptr<netflix::gibbon::Widget> const&, netflix::gibbon
1	Widget::getClonedSurface(netflix::gibbon
1	Widget::parentNeedsRender(netflix::gibbon
1	Widget::isAnimatedProperty(netflix::gibbon::Widget
1	Widget::setBackgroundColor(netflix::gibbon
1	Widget::setCompositionMode(netflix::gibbon::GraphicsEngine
1	Widget::setGraphicsBuffers(netflix::Flags<netflix::gibbon::GraphicsEngine
1	Widget::convertPropertyName(std
1	Widget::isCoordinateProperty(netflix::gibbon::Widget
1	Widget::updateChildrenDeltas(std::shared_ptr<netflix::gibbon
1	Widget::drawOrderSortPredicate(std::shared_ptr<netflix::gibbon::Widget> const&, std::shared_ptr<netflix::gibbon
1	Widget::grab(netflix::Flags<netflix::gibbon
1	Widget::purge(netflix::Flags<netflix::gibbon::Widget
1	Widget::reload(netflix::gibbon
1	Widget::render(netflix::gibbon::GraphicsEngine*, netflix::gibbon::Widget
1	Widget::Recurse::process(std::shared_ptr<netflix::gibbon::Widget> const&, netflix::gibbon
1	Widget::Recurse::recurse(std::shared_ptr<netflix::gibbon::Widget> const&, netflix::gibbon
1	Widget::setRect(netflix::gibbon
1	Widget::Listener::onAnimationFinished(netflix::gibbon::Widget::Property, netflix::gibbon
1	Widget::addChild(std::shared_ptr<netflix::gibbon
1	Widget::addImage(std::shared_ptr<netflix::gibbon
1	Widget::purgeAll(netflix::Flags<netflix::gibbon::Widget
1	Widget::setClear(netflix::Flags<netflix::gibbon::GraphicsEngine
1	Widget::setClone(std::shared_ptr<netflix::gibbon
1	Widget::BoxLayout::layout(netflix::gibbon::Size const&, netflix::Flags<netflix::gibbon::Widget
1	Widget::BoxLayout::alignLine(std::vector<netflix::gibbon::Widget::BoxLayout::WidgetBox*, std::allocator<netflix::gibbon::Widget::BoxLayout
1	Widget::addEffect(std::shared_ptr<netflix::gibbon
1	Widget::needsRect(netflix::Flags<netflix::gibbon::Widget
1	Widget::setLayout(netflix::gibbon::Widget
1	Widget::setMirror(netflix::gibbon::Widget
1	Widget::setParent(std::shared_ptr<netflix::gibbon
1	Widget::setPlayer(std::shared_ptr<netflix::gibbon
1	Changes<(unsigned char)1>::checkSetProperty(char const*, int, int, int, netflix
1	Changes<(unsigned char)37>::checkSetProperty(char const*, int, int, int, netflix
1	Changes<(unsigned char)4>::checkSetProperty(char const*, int, int, int, netflix
1	Changes<(unsigned char)51>::checkSetProperty(char const*, int, int, int, netflix
1	Changes<(unsigned char)8>::checkSetProperty(char const*, int, int, int, netflix
1	Surface::Controller::setParams(netflix
1	Surface::addListener(std::shared_ptr<netflix::gibbon::Surface
1	Surface::setMask_sys(std::shared_ptr<netflix::gibbon
1	Surface::estimateSize(float, float, netflix::Flags<netflix::gibbon::Surface
1	Surface::copy_internal(netflix::gibbon::Rect const&, netflix::gibbon
1	Surface::generateFlags(netflix::Flags<netflix::gibbon::Surface
1	Surface::onSurfaceEvent(netflix
1	Surface::removeListener(std::shared_ptr<netflix::gibbon::Surface
1	Surface::onSurfaceChanged(netflix::gibbon
1	Surface::Data::lock(std::shared_ptr<netflix::gibbon::Surface> const&, netflix::gibbon::Surface::Data
1	Surface::Data::lock_sys(netflix::gibbon::Surface::Data
1	Surface::Data::setPixel(int, int, netflix::gibbon
1	Surface::Data::setPixels(netflix
1	Surface::clear(netflix::gibbon
1	Surface::reuse(netflix::Flags<netflix::gibbon::Surface
1	Surface::render(std::shared_ptr<netflix::gibbon
1	Surface::upload(int, int, int, int, netflix
1	Surface::WeakPtr::operator=(std::shared_ptr<netflix::gibbon
1	Surface::setMask(std::shared_ptr<netflix::gibbon
1	Surface::Listener::onSurfaceEvent(std::shared_ptr<netflix::gibbon::Surface> const&, netflix
1	Surface::Listener::onSurfaceChanged(std::shared_ptr<netflix::gibbon::Surface> const&, netflix::gibbon
1	Surface::Listener::onSurfaceStarted(std::shared_ptr<netflix::gibbon
1	Surface::copy_sys(netflix::gibbon::Rect const&, netflix::gibbon
1	Surface::applyMask(std::shared_ptr<netflix::gibbon
1	Surface::setPixels(netflix
1	Emphasis::setTextString(std
1	Emphasis::operator=(netflix::gibbon
1	mark_run(netflix::gibbon
1	printRun(netflix::gibbon
1	Animation::Info::Interpolator::canCombine(std::shared_ptr<netflix::gibbon::Animation::Info
1	Animation::Info::convertRound(netflix::gibbon::Animation::Info
1	Animation::Info::convertRound(std
1	Animation::Task::appendFrame(netflix::gibbon::AnimationObject*, std::shared_ptr<netflix::gibbon::Animation
1	Animation::stop(std::shared_ptr<netflix::gibbon::AnimationObject> const&, std::shared_ptr<netflix::gibbon::Animation::Task>&, netflix::gibbon::Animation
1	Animation::stop(std::shared_ptr<netflix::gibbon::AnimationObject> const&, int, netflix::gibbon::Animation
1	Animation::start(std::shared_ptr<netflix::gibbon::AnimationObject> const&, int, netflix::Variant const&, std::shared_ptr<netflix::gibbon::Animation
1	Animation::start(std::shared_ptr<netflix::gibbon::AnimationObject> const&, int, netflix::Variant const&, netflix::Variant const&, netflix::gibbon::Animation
1	Animation::cancel(std::shared_ptr<netflix::gibbon::AnimationObject> const&, std::shared_ptr<netflix::gibbon::Animation::Task> const&, netflix
1	Animation::update(netflix::gibbon
1	Animation::destroy(netflix::gibbon
1	Animation::getValue(std::shared_ptr<netflix::gibbon
1	Animation::dumpTicks(std::shared_ptr<netflix::gibbon::AnimationObject> const&, int, std::shared_ptr<netflix::gibbon::Animation::KeyFrame> const&, char const*, double, std::vector<netflix::gibbon::Animation::Tick, std::allocator<netflix::gibbon::Animation
1	Animation::postEvent(netflix::EventLoop
1	Animation::sendEvent(std::shared_ptr<netflix::EventLoop
1	OpenGLFBO::take(std::shared_ptr<netflix::gibbon::Surface> const&, netflix::Flags<netflix::gibbon::GraphicsEngine
1	SizeCache::createFace(std::string const&, std::string const&, netflix
1	SizeCache::face(std
1	SizeCache::remove(netflix::gibbon
1	Transform::multiply(netflix::gibbon::Transform const&, netflix::gibbon
1	Transform::operator=(netflix::gibbon
1	VBOShader::RGBMaskPart::define(std::shared_ptr<netflix::gibbon
1	VBOShader::RGBBicubicPart::define(std::shared_ptr<netflix::gibbon
1	dumpViews(std::shared_ptr<netflix::gibbon
1	operator<<(netflix::SerializerImpl<netflix::DataBuffer>&, netflix::gibbon
1	operator<< <netflix::Log::Stream::PrettyBuffer>(netflix::StringBuilderBase<netflix::Log::Stream::PrettyBuffer>&, netflix::gibbon
1	operator<< <std::string>(netflix::StringBuilderBase<std::string>&, netflix::gibbon
1	AnimationAdvance::update(netflix::gibbon
1	EdgeEffect
1	EffectBlur::DefaultRenderer::render(std::shared_ptr<netflix::gibbon::DisplayList> const&, netflix::gibbon::Rect const&, netflix::Flags<netflix::gibbon
1	EffectBlur::DefaultRenderer::getRect(netflix::gibbon
1	EffectBlur::getAnimatedPropertyID(std
1	EffectDiff::DefaultRenderer::render(std::shared_ptr<netflix::gibbon::DisplayList> const&, netflix::gibbon::Rect const&, netflix::Flags<netflix::gibbon
1	EffectDiff::DefaultRenderer::getRect(netflix::gibbon
1	EffectDiff::getAnimatedPropertyID(std
1	EffectMask::DefaultRenderer::render(std::shared_ptr<netflix::gibbon::DisplayList> const&, netflix::gibbon::Rect const&, netflix::Flags<netflix::gibbon
1	EffectMask::DefaultRenderer::getRect(netflix::gibbon
1	EffectMask::getAnimatedPropertyID(std
1	EffectMask::Data
1	EffectNull::DefaultRenderer::render(std::shared_ptr<netflix::gibbon::DisplayList> const&, netflix::gibbon::Rect const&, netflix::Flags<netflix::gibbon
1	EffectTint::DefaultRenderer::render(std::shared_ptr<netflix::gibbon::DisplayList> const&, netflix::gibbon::Rect const&, netflix::Flags<netflix::gibbon
1	EffectTint::getAnimatedPropertyID(std
1	GRPCBridge::getProperty(int, netflix
1	TextBridge::getProperty(int, netflix
1	Typography
1	DisplayList::renderArea(netflix::gibbon::DisplayList::Command
1	DisplayList::render_internal(netflix::gibbon::GraphicsEngine*, netflix::gibbon::Rect const&, netflix::gibbon
1	DisplayList::pixels(netflix::gibbon::DisplayList::Command
1	DisplayList::Command::getRect(netflix::gibbon::DisplayList::Command
1	DisplayList::flattened(netflix::gibbon::Size const&, netflix::gibbon
1	EffectTrail::DefaultRenderer::render(std::shared_ptr<netflix::gibbon::DisplayList> const&, netflix::gibbon::Rect const&, netflix::Flags<netflix::gibbon
1	EffectTrail::getAnimatedPropertyID(std
1	EffectTrail::Data
1	FontManager::FontRegistryItem::supportsLanguage(std
1	GlyphString::getExtents(netflix::gibbon::Rect*, netflix::gibbon
1	GlyphString::getExtentsSize(netflix::gibbon::Rect*, netflix::gibbon
1	GlyphString::getBufferIndexForStringIndex(unsigned int, netflix::gibbon::GlyphString
1	EffectBridge::getProperty(int, netflix
1	EffectShader::getAnimatedPropertyID(std
1	EffectShader::Data::Uniform::value<netflix
1	GibbonBridge::findWidget(netflix
1	GibbonBridge::getProperty(int, netflix
1	GibbonBridge::extractDependsOn(netflix::Variant const&, netflix::DataBuffer&, netflix::Flags<netflix::ResourceRequest
1	PlayerBridge::getProperty(int, netflix
1	ScreenBridge::getProperty(int, netflix
1	SurfaceCache::dumpPending(netflix
1	SurfaceCache::findPending(netflix
1	SurfaceCache::dump(netflix
1	SurfaceCache::dumper(netflix
1	SurfaceCache::dumpStats(netflix
1	WidgetBridge::getProperty(int, netflix
1	WidgetBridge::dump(netflix::Flags<netflix::gibbon::WidgetBridge
1	WidgetBridge::dumpJS(netflix::Flags<netflix::gibbon::WidgetBridge
1	BreakingRules
1	TextLayoutRun::toString(netflix::gibbon::TextLayout const*, int, netflix::gibbon
1	TextLayoutRun
1	ThreadsBridge::getProperty(int, netflix
1	GibbonResource::hash(netflix::DataBuffer::Hash, netflix::DataBuffer
1	GraphicsEngine::State
1	TextLayoutLine::toString(int, netflix::gibbon
1	AnimationFinish::addToVariant(netflix
1	EffectBlurGLES2::GLES2Renderer::render(std::shared_ptr<netflix::gibbon::DisplayList> const&, netflix::gibbon::Rect const&, netflix::Flags<netflix::gibbon
1	EffectChromaKey::DefaultRenderer::render(std::shared_ptr<netflix::gibbon::DisplayList> const&, netflix::gibbon::Rect const&, netflix::Flags<netflix::gibbon
1	SurfaceDecoders::encode(std::shared_ptr<netflix::gibbon
1	SurfaceDecoders::encode(std::shared_ptr<netflix::gibbon::Surface> const&, std
1	EffectDesaturate::DefaultRenderer::render(std::shared_ptr<netflix::gibbon::DisplayList> const&, netflix::gibbon::Rect const&, netflix::Flags<netflix::gibbon
1	EffectDesaturate::getAnimatedPropertyID(std
1	PrerenderCommand::write(netflix::gibbon::DisplayList
1	PrerenderCommand::execute(netflix::gibbon::GraphicsEngine*, netflix::gibbon::DisplayList::Command
1	DrawGlyphsCommand::write(netflix::gibbon::DisplayList
1	DrawGlyphsCommand::execute(netflix::gibbon::GraphicsEngine*, netflix::gibbon::DisplayList::Command
1	DrawGlyphsCommand::getRect(netflix::gibbon::DisplayList::Command
1	EffectShaderGLES2::GLES2Renderer::render(std::shared_ptr<netflix::gibbon::DisplayList> const&, netflix::gibbon::Rect const&, netflix::Flags<netflix::gibbon
1	GibbonApplication::findWidget(std
1	GibbonApplication::dataURI_internal(std
1	GibbonApplication::dumpScriptHashes(std::vector<std::string, std::allocator<std
1	GibbonApplication::validateScriptHash(std::shared_ptr<netflix::gibbon
1	GibbonApplication::stats(netflix::Flags<netflix::NrdApplication
1	GibbonApplication::dataURI(std
1	SurfaceDecoderDDS::decode(netflix::Time const&, netflix::gibbon::SurfaceDecoder
1	SurfaceDecoderKTX::decode(netflix::Time const&, netflix::gibbon::SurfaceDecoder
1	SurfaceDecoderPNG::decode(netflix::Time const&, netflix::gibbon::SurfaceDecoder
1	SurfaceDecoderSNG::decode(netflix::Time const&, netflix::gibbon::SurfaceDecoder
1	TextLineBreakRuns::getBoundary(netflix::gibbon::TextLineBreakRun
1	TextWordBreakRuns::iterateBoundaries(unsigned int, unsigned int, unsigned int&, netflix::gibbon::Style
1	SurfaceDecoderJPEG::decode(netflix::Time const&, netflix::gibbon::SurfaceDecoder
1	SurfaceDecoderMSKD::decode(netflix::Time const&, netflix::gibbon::SurfaceDecoder
1	SurfaceDecoderWebP::decode(netflix::Time const&, netflix::gibbon::SurfaceDecoder
1	TextCursorPosition
1	PlayerRenderCommand::write(netflix::gibbon::DisplayList
1	PlayerRenderCommand::execute(netflix::gibbon::GraphicsEngine*, netflix::gibbon::DisplayList::Command
1	SurfaceDecoderSpine::decode(netflix::Time const&, netflix::gibbon::SurfaceDecoder
1	GibbonResourceManager::prepareRequest(netflix::Variant const&, netflix::ResourceRequest::Data*, netflix
1	BlurEffectGLES2Command::write(netflix::gibbon::DisplayList
1	BlurEffectGLES2Command::execute(netflix::gibbon::GraphicsEngine*, netflix::gibbon::DisplayList::Command
1	BlurEffectGLES2Command::getRect(netflix::gibbon::DisplayList::Command
1	SurfaceDecoderPlatform::decode(netflix::Time const&, netflix::gibbon::SurfaceDecoder
1	TextLayoutLineIterator::operator==(netflix::gibbon
1	TextLayoutLineIterator::operator!=(netflix::gibbon
1	ShaderEffectGLES2Command::applyUniform(netflix::gibbon::OpenGLState*, netflix::gibbon::EffectShader::Data::Uniform const&, netflix::gibbon::GraphicsEngine*, netflix::gibbon::DisplayList::Command::State*, std::shared_ptr<netflix::gibbon
1	ShaderEffectGLES2Command::updateTextures(netflix::Flags<netflix::gibbon::GraphicsEngine
1	ShaderEffectGLES2Command::write(netflix::gibbon::DisplayList
1	ShaderEffectGLES2Command::execute(netflix::gibbon::GraphicsEngine*, netflix::gibbon::DisplayList::Command
1	ShaderEffectGLES2Command::getRect(netflix::gibbon::DisplayList::Command
1	OpenGLShaderManagerCommand::write(netflix::gibbon::DisplayList
1	OpenGLShaderManagerCommand::execute(netflix::gibbon::GraphicsEngine*, netflix::gibbon::DisplayList::Command
1	OpenGLShaderManagerCommand::getRect(netflix::gibbon::DisplayList::Command
1	CommitPlaybackGroupsCommand::write(netflix::gibbon::DisplayList
1	CommitPlaybackGroupsCommand::execute(netflix::gibbon::GraphicsEngine*, netflix::gibbon::DisplayList::Command
1	OpenGLShaderManagerRenderer::render(std::shared_ptr<netflix::gibbon::DisplayList> const&, netflix::gibbon::Rect const&, netflix::Flags<netflix::gibbon
1	Rect::intersected(netflix::gibbon
1	Rect::overlaps(netflix::gibbon
1	Rect::operator==(netflix::gibbon
1	Size
1	Size::operator==(netflix::gibbon
1	Text::getTooltip(netflix::gibbon
1	Text::needsRender(netflix::gibbon::Style::Change, netflix::Flags<netflix::gibbon::Text
1	Text::needsRender(std::string const&, netflix::Flags<netflix::gibbon::Text
1	Text::rectContent(netflix::gibbon
1	Text::sizeContent(netflix::gibbon
1	Text::getPositions(netflix::gibbon
1	Text::getTextLayout(netflix::gibbon::Size const&, netflix::Flags<netflix::gibbon
1	Text::dump(netflix::Flags<netflix::gibbon::Text
1	Text::toVariant(netflix::gibbon::Text
1	Image::getTooltip(netflix::gibbon
1	Image::getDestinationRect(netflix::gibbon
1	Style::diff(std::shared_ptr<netflix::gibbon
1	Style::resolve(netflix::gibbon::Style
1	Effect::getAnimatedPropertyID(std
1	Effect::Renderer::render(std::shared_ptr<netflix::gibbon::DisplayList> const&, netflix::gibbon::Rect const&, netflix::Flags<netflix::gibbon
1	Effect::Renderer::getRect(netflix::gibbon
1	Screen::prerender_sys(netflix::Flags<netflix::gibbon::Screen
1	Screen::postrender_sys(netflix::Flags<netflix::gibbon::Screen
1	Screen::flip(netflix::gibbon
1	Screen::flip_sys(netflix::gibbon
1	Screen::widgetsAt(netflix::gibbon
1	Shadow
1	Widget::isDescendent(std::shared_ptr<netflix::gibbon
1	Widget::updateLayout(netflix::gibbon::Size const&, netflix::Flags<netflix::gibbon::Widget
1	Widget::renderContent(netflix::gibbon::GraphicsEngine*, netflix::gibbon::Rect const&, netflix::Flags<netflix::gibbon
1	Widget::renderEffects(std::shared_ptr<netflix::gibbon::DisplayList> const&, netflix::gibbon::Rect&, netflix::Flags<netflix::gibbon
1	Widget::transformRect(netflix::gibbon
1	Widget::renderChildren(netflix::gibbon::GraphicsEngine*, netflix::gibbon::Widget
1	Widget::calculateTooltip(netflix::gibbon
1	Widget::updateRenderCache(netflix::gibbon::Point const&, netflix::Flags<netflix::gibbon
1	Widget::calculateTransform(netflix::gibbon::Point const&, netflix::gibbon
1	Widget::calculateTransform(netflix::gibbon::Transform const&, netflix::gibbon::Point const&, netflix::gibbon
1	Widget::transformEffectRect(netflix::gibbon
1	Widget::needsTextInheritance(netflix::gibbon::Style::Change, netflix::Flags<netflix::gibbon::Text
1	Widget::calculateChildrenRect(netflix::gibbon::Size const&, netflix::gibbon::Rect*, netflix::gibbon
1	Widget::multiplyRenderTransform(netflix::gibbon::Transform&, netflix::gibbon::Point const&, netflix::gibbon
1	Widget::layout(netflix::Flags<netflix::gibbon::Widget
1	Widget::widgetsAt(netflix::gibbon
1	Padding
1	Surface::duplicate_sys(netflix::gibbon
1	Surface::duplicate_internal(netflix::gibbon
1	Surface::matches(netflix::Flags<netflix::gibbon::Surface
1	FontSize
1	Animation::Info::Interpolator::ease(double, netflix::Variant const&, netflix
1	SizeCache::dumper(netflix
1	Transform::map(netflix::gibbon::Rect const&, netflix::gibbon
1	GlyphCache::GlyphKey, std::pair<netflix::gibbon::GlyphCache::GlyphKey const, std::unordered_map<unsigned int, netflix::gibbon::Glyph, std::hash<unsigned int>, std::equal_to<unsigned int>, std::allocator<std::pair<unsigned int const, netflix::gibbon::Glyph> > > >, std::allocator<std::pair<netflix::gibbon::GlyphCache::GlyphKey const, std::unordered_map<unsigned int, netflix::gibbon::Glyph, std::hash<unsigned int>, std::equal_to<unsigned int>, std::allocator<std::pair<unsigned int const, netflix::gibbon::Glyph> > > > >, std::__detail::_Select1st, std::equal_to<netflix::gibbon::GlyphCache::GlyphKey>, netflix::gibbon::GlyphCache::GlyphKey::Hash, std::__detail::_Mod_range_hashing, std::__detail::_Default_ranged_hash, std::__detail::_Prime_rehash_policy, std::__detail::_Hashtable_traits<true, false, true> >::_M_find_before_node(unsigned int, netflix::gibbon::GlyphCache
1	GibbonBridge>
1	ThreadBridge>
1	SurfaceLoader>
1	SurfaceSource>
1	ThreadsBridge>
1	AnimationObject>
1	GibbonScriptBindings>
1	Font>
1	Widget>
1	GlyphCache::GlyphKey, std::pair<netflix::gibbon::GlyphCache::GlyphKey const, std::unordered_map<unsigned int, netflix::gibbon::Glyph, std::hash<unsigned int>, std::equal_to<unsigned int>, std::allocator<std::pair<unsigned int const, netflix::gibbon::Glyph> > > >, std::allocator<std::pair<netflix::gibbon::GlyphCache::GlyphKey const, std::unordered_map<unsigned int, netflix::gibbon::Glyph, std::hash<unsigned int>, std::equal_to<unsigned int>, std::allocator<std::pair<unsigned int const, netflix::gibbon::Glyph> > > > >, std::__detail::_Select1st, std::equal_to<netflix::gibbon::GlyphCache::GlyphKey>, netflix::gibbon::GlyphCache::GlyphKey::Hash, std::__detail::_Mod_range_hashing, std::__detail::_Default_ranged_hash, std::__detail::_Prime_rehash_policy, std::__detail::_Hashtable_traits<true, false, true> >::_M_insert_unique_node(unsigned int, unsigned int, std::__detail::_Hash_node<std::pair<netflix::gibbon::GlyphCache::GlyphKey const, std::unordered_map<unsigned int, netflix::gibbon::Glyph, std::hash<unsigned int>, std::equal_to<unsigned int>, std::allocator<std::pair<unsigned int const, netflix::gibbon
1	GlyphCache::GlyphKey, std::pair<netflix::gibbon::GlyphCache::GlyphKey const, std::unordered_map<unsigned int, netflix::gibbon::Glyph, std::hash<unsigned int>, std::equal_to<unsigned int>, std::allocator<std::pair<unsigned int const, netflix::gibbon::Glyph> > > >, std::allocator<std::pair<netflix::gibbon::GlyphCache::GlyphKey const, std::unordered_map<unsigned int, netflix::gibbon::Glyph, std::hash<unsigned int>, std::equal_to<unsigned int>, std::allocator<std::pair<unsigned int const, netflix::gibbon::Glyph> > > > >, std::__detail::_Select1st, std::equal_to<netflix::gibbon::GlyphCache::GlyphKey>, netflix::gibbon::GlyphCache::GlyphKey::Hash, std::__detail::_Mod_range_hashing, std::__detail::_Default_ranged_hash, std::__detail::_Prime_rehash_policy, std::__detail::_Hashtable_traits<true, false, true> >
1	GibbonJSSyncEvent::WidgetChanges>, std::allocator<std::pair<int const, netflix::gibbon::GibbonJSSyncEvent::WidgetChanges> >, std::__detail::_Select1st, std::equal_to<int>, std::hash<int>, std::__detail::_Mod_range_hashing, std::__detail::_Default_ranged_hash, std::__detail::_Prime_rehash_policy, std::__detail::_Hashtable_traits<false, false, true> >::_M_insert_unique_node(unsigned int, unsigned int, std::__detail::_Hash_node<std::pair<int const, netflix::gibbon::GibbonJSSyncEvent
1	Changes<(unsigned char)37> >, std::allocator<std::pair<int const, netflix::gibbon::Changes<(unsigned char)37> > >, std::__detail::_Select1st, std::equal_to<int>, std::hash<int>, std::__detail::_Mod_range_hashing, std::__detail::_Default_ranged_hash, std::__detail::_Prime_rehash_policy, std::__detail::_Hashtable_traits<false, false, true> >::_M_insert_unique_node(unsigned int, unsigned int, std::__detail::_Hash_node<std::pair<int const, netflix::gibbon
1	Glyph>, std::allocator<std::pair<unsigned int const, netflix::gibbon::Glyph> >, std::__detail::_Select1st, std::equal_to<unsigned int>, std::hash<unsigned int>, std::__detail::_Mod_range_hashing, std::__detail::_Default_ranged_hash, std::__detail::_Prime_rehash_policy, std::__detail::_Hashtable_traits<false, false, true> >::_M_insert_unique_node(unsigned int, unsigned int, std::__detail::_Hash_node<std::pair<unsigned int const, netflix::gibbon
1	Glyph>, std::allocator<std::pair<unsigned int const, netflix::gibbon::Glyph> >, std::__detail::_Select1st, std::equal_to<unsigned int>, std::hash<unsigned int>, std::__detail::_Mod_range_hashing, std::__detail::_Default_ranged_hash, std::__detail::_Prime_rehash_policy, std::__detail::_Hashtable_traits<false, false, true> >
1	GraphicsEngine::Operation, std::allocator<netflix::gibbon::GraphicsEngine::Operation> >
1	Effect::Renderer>, std::allocator<std::shared_ptr<netflix::gibbon::Effect::Renderer> > >
1	Effect::Renderer>, std::allocator<std::shared_ptr<netflix::gibbon::Effect::Renderer> > >, std::allocator<std::list<std::shared_ptr<netflix::gibbon::Effect::Renderer>, std::allocator<std::shared_ptr<netflix::gibbon::Effect::Renderer> > > > >
1	Widget>* std::__copy_move<true, false, std::random_access_iterator_tag>::__copy_m<std::shared_ptr<netflix::gibbon::Widget>*, std::shared_ptr<netflix::gibbon::Widget>*>(std::shared_ptr<netflix::gibbon::Widget>*, std::shared_ptr<netflix::gibbon::Widget>*, std::shared_ptr<netflix::gibbon
1	CursorTimer, (__gnu_cxx::_Lock_policy)2>::reset<netflix::gibbon::CursorTimer>(netflix::gibbon
1	DisplayList, (__gnu_cxx::_Lock_policy)2>::reset<netflix::gibbon::DisplayList>(netflix::gibbon
1	EffectShader::Data::Vertex::Data::GL, (__gnu_cxx::_Lock_policy)2>::reset<netflix::gibbon::EffectShader::Data::Vertex::Data::GL>(netflix::gibbon::EffectShader::Data::Vertex::Data
1	SurfaceCache::StartDecodeJobs, (__gnu_cxx::_Lock_policy)2>::reset<netflix::gibbon::SurfaceCache::StartDecodeJobs>(netflix::gibbon::SurfaceCache
1	SurfaceCache::DecodeJob, (__gnu_cxx::_Lock_policy)2>::reset<netflix::gibbon::SurfaceCache::DecodeJob>(netflix::gibbon::SurfaceCache
1	SurfaceCache, (__gnu_cxx::_Lock_policy)2>::reset<netflix::gibbon::SurfaceCache>(netflix::gibbon
1	DebuggerEvent, (__gnu_cxx::_Lock_policy)2>::reset<netflix::gibbon::DebuggerEvent>(netflix::gibbon
1	OpenGLContext, (__gnu_cxx::_Lock_policy)2>::reset<netflix::gibbon::OpenGLContext>(netflix::gibbon
1	OpenGLProgram, (__gnu_cxx::_Lock_policy)2>::reset<netflix::gibbon::OpenGLProgram>(netflix::gibbon
1	DumpAllocTimer, (__gnu_cxx::_Lock_policy)2>::reset<netflix::gibbon::DumpAllocTimer>(netflix::gibbon
1	Font::RenderData, (__gnu_cxx::_Lock_policy)2>::reset<netflix::gibbon::Font::RenderData>(netflix::gibbon::Font
1	Font, (__gnu_cxx::_Lock_policy)2>::reset<netflix::gibbon::Font>(netflix::gibbon
1	Image, (__gnu_cxx::_Lock_policy)2>::reset<netflix::gibbon::Image>(netflix::gibbon
1	Effect, (__gnu_cxx::_Lock_policy)2>::reset<netflix::gibbon::EffectBlur>(netflix::gibbon
1	Effect, (__gnu_cxx::_Lock_policy)2>::reset<netflix::gibbon::EffectDiff>(netflix::gibbon
1	Effect, (__gnu_cxx::_Lock_policy)2>::reset<netflix::gibbon::EffectMask>(netflix::gibbon
1	Effect, (__gnu_cxx::_Lock_policy)2>::reset<netflix::gibbon::EffectNull>(netflix::gibbon
1	Effect, (__gnu_cxx::_Lock_policy)2>::reset<netflix::gibbon::EffectTint>(netflix::gibbon
1	Effect, (__gnu_cxx::_Lock_policy)2>::reset<netflix::gibbon::EffectTrail>(netflix::gibbon
1	Effect, (__gnu_cxx::_Lock_policy)2>::reset<netflix::gibbon::EffectChromaKey>(netflix::gibbon
1	Effect, (__gnu_cxx::_Lock_policy)2>::reset<netflix::gibbon::EffectDesaturate>(netflix::gibbon
1	Effect, (__gnu_cxx::_Lock_policy)2>::reset<netflix::gibbon::Effect>(netflix::gibbon
1	Surface> const&, bool)::{lambda()#1}>::_M_manager(std::_Any_data&, std::_Any_data const&, std
1	EffectBlur::DefaultRenderer*, (__gnu_cxx::_Lock_policy)2>::_M_get_deleter(std
1	EffectBlur*, (__gnu_cxx::_Lock_policy)2>::_M_get_deleter(std
1	EffectDiff::DefaultRenderer*, (__gnu_cxx::_Lock_policy)2>::_M_get_deleter(std
1	EffectDiff*, (__gnu_cxx::_Lock_policy)2>::_M_get_deleter(std
1	EffectMask::DefaultRenderer*, (__gnu_cxx::_Lock_policy)2>::_M_get_deleter(std
1	EffectMask*, (__gnu_cxx::_Lock_policy)2>::_M_get_deleter(std
1	EffectNull::DefaultRenderer*, (__gnu_cxx::_Lock_policy)2>::_M_get_deleter(std
1	EffectNull*, (__gnu_cxx::_Lock_policy)2>::_M_get_deleter(std
1	EffectTint::DefaultRenderer*, (__gnu_cxx::_Lock_policy)2>::_M_get_deleter(std
1	EffectTint*, (__gnu_cxx::_Lock_policy)2>::_M_get_deleter(std
1	FillShader*, (__gnu_cxx::_Lock_policy)2>::_M_get_deleter(std
1	FrameGraph*, (__gnu_cxx::_Lock_policy)2>::_M_get_deleter(std
1	GRPCBridge*, (__gnu_cxx::_Lock_policy)2>::_M_get_deleter(std
1	GlyphCache::Data*, (__gnu_cxx::_Lock_policy)2>::_M_get_deleter(std
1	GlyphCache*, (__gnu_cxx::_Lock_policy)2>::_M_get_deleter(std
1	InputEvent*, (__gnu_cxx::_Lock_policy)2>::_M_get_deleter(std
1	LineShader*, (__gnu_cxx::_Lock_policy)2>::_M_get_deleter(std
1	TextBridge::TextListener*, (__gnu_cxx::_Lock_policy)2>::_M_get_deleter(std
1	TextBridge*, (__gnu_cxx::_Lock_policy)2>::_M_get_deleter(std
1	CursorTimer*, (__gnu_cxx::_Lock_policy)2>::_M_get_deleter(std
1	DisplayList::Command*, (__gnu_cxx::_Lock_policy)2>::_M_get_deleter(std
1	DisplayList*, (__gnu_cxx::_Lock_policy)2>::_M_get_deleter(std
1	EffectTrail::DefaultRenderer*, (__gnu_cxx::_Lock_policy)2>::_M_get_deleter(std
1	EffectTrail::Data::Temporal*, (__gnu_cxx::_Lock_policy)2>::_M_get_deleter(std
1	EffectTrail*, (__gnu_cxx::_Lock_policy)2>::_M_get_deleter(std
1	FontManager::FontRegistryItem*, (__gnu_cxx::_Lock_policy)2>::_M_get_deleter(std
1	GLReadEvent*, (__gnu_cxx::_Lock_policy)2>::_M_get_deleter(std
1	GlyphString*, (__gnu_cxx::_Lock_policy)2>::_M_get_deleter(std
1	ImageBridge*, (__gnu_cxx::_Lock_policy)2>::_M_get_deleter(std
1	DataURIEvent*, (__gnu_cxx::_Lock_policy)2>::_M_get_deleter(std
1	EffectBridge*, (__gnu_cxx::_Lock_policy)2>::_M_get_deleter(std
1	EffectShader::Data::Vertex::Data::GL*, (__gnu_cxx::_Lock_policy)2>::_M_get_deleter(std
1	EffectShader::Data::Vertex::Buffer*, (__gnu_cxx::_Lock_policy)2>::_M_get_deleter(std
1	EffectShader::Data::Vertex::Indices*, (__gnu_cxx::_Lock_policy)2>::_M_get_deleter(std
1	EffectSource::Listener*, (__gnu_cxx::_Lock_policy)2>::_M_get_deleter(std
1	FreetypeFace*, (__gnu_cxx::_Lock_policy)2>::_M_get_deleter(std
1	FreetypeSize*, (__gnu_cxx::_Lock_policy)2>::_M_get_deleter(std
1	GibbonBridge*, (__gnu_cxx::_Lock_policy)2>::_M_get_deleter(std
1	PlayerBridge*, (__gnu_cxx::_Lock_policy)2>::_M_get_deleter(std
1	ScreenBridge*, (__gnu_cxx::_Lock_policy)2>::_M_get_deleter(std
1	SurfaceCache::StartDecodeJobs*, (__gnu_cxx::_Lock_policy)2>::_M_get_deleter(std
1	SurfaceCache::LoadJob*, (__gnu_cxx::_Lock_policy)2>::_M_get_deleter(std
1	SurfaceCache::DecodeJob*, (__gnu_cxx::_Lock_policy)2>::_M_get_deleter(std
1	SurfaceCache*, (__gnu_cxx::_Lock_policy)2>::_M_get_deleter(std
1	ThreadBridge::Thread*, (__gnu_cxx::_Lock_policy)2>::_M_get_deleter(std
1	ThreadBridge*, (__gnu_cxx::_Lock_policy)2>::_M_get_deleter(std
1	WidgetBridge::WidgetListener*, (__gnu_cxx::_Lock_policy)2>::_M_get_deleter(std
1	WidgetBridge*, (__gnu_cxx::_Lock_policy)2>::_M_get_deleter(std
1	DebuggerEvent*, (__gnu_cxx::_Lock_policy)2>::_M_get_deleter(std
1	GibbonConsole*, (__gnu_cxx::_Lock_policy)2>::_M_get_deleter(std
1	OpenGLContext*, (__gnu_cxx::_Lock_policy)2>::_M_get_deleter(std
1	OpenGLProgram*, (__gnu_cxx::_Lock_policy)2>::_M_get_deleter(std
1	RGBSamplePart*, (__gnu_cxx::_Lock_policy)2>::_M_get_deleter(std
1	SurfaceLoader*, (__gnu_cxx::_Lock_policy)2>::_M_get_deleter(std
1	SurfaceSource::ImageListener*, (__gnu_cxx::_Lock_policy)2>::_M_get_deleter(std
1	SurfaceSource::WidgetListener*, (__gnu_cxx::_Lock_policy)2>::_M_get_deleter(std
1	SurfaceSource*, (__gnu_cxx::_Lock_policy)2>::_M_get_deleter(std
1	TextLocaleRun*, (__gnu_cxx::_Lock_policy)2>::_M_get_deleter(std
1	TextScriptRun*, (__gnu_cxx::_Lock_policy)2>::_M_get_deleter(std
1	TextureShader::RGBMaskPart*, (__gnu_cxx::_Lock_policy)2>::_M_get_deleter(std
1	TextureShader::ColorizePart*, (__gnu_cxx::_Lock_policy)2>::_M_get_deleter(std
1	TextureShader::RGBPart*, (__gnu_cxx::_Lock_policy)2>::_M_get_deleter(std
1	TextureShader*, (__gnu_cxx::_Lock_policy)2>::_M_get_deleter(std
1	ThreadsBridge*, (__gnu_cxx::_Lock_policy)2>::_M_get_deleter(std
1	DumpAllocTimer*, (__gnu_cxx::_Lock_policy)2>::_M_get_deleter(std
1	GibbonResource*, (__gnu_cxx::_Lock_policy)2>::_M_get_deleter(std
1	KeyRepeatTimer*, (__gnu_cxx::_Lock_policy)2>::_M_get_deleter(std
1	LoadJobRequest*, (__gnu_cxx::_Lock_policy)2>::_M_get_deleter(std
1	EffectBlurGLES2::GLES2Renderer*, (__gnu_cxx::_Lock_policy)2>::_M_get_deleter(std
1	EffectBlurGLES2::Shader*, (__gnu_cxx::_Lock_policy)2>::_M_get_deleter(std
1	EffectBlurGLES2*, (__gnu_cxx::_Lock_policy)2>::_M_get_deleter(std
1	EffectChromaKey::DefaultRenderer*, (__gnu_cxx::_Lock_policy)2>::_M_get_deleter(std
1	EffectChromaKey*, (__gnu_cxx::_Lock_policy)2>::_M_get_deleter(std
1	EffectTintGLES2*, (__gnu_cxx::_Lock_policy)2>::_M_get_deleter(std
1	GibbonDiskCache*, (__gnu_cxx::_Lock_policy)2>::_M_get_deleter(std
1	GibbonEventLoop*, (__gnu_cxx::_Lock_policy)2>::_M_get_deleter(std
1	SurfaceDecoders*, (__gnu_cxx::_Lock_policy)2>::_M_get_deleter(std
1	EffectDesaturate::DefaultRenderer*, (__gnu_cxx::_Lock_policy)2>::_M_get_deleter(std
1	EffectDesaturate*, (__gnu_cxx::_Lock_policy)2>::_M_get_deleter(std
1	GibbonBridgeTask*, (__gnu_cxx::_Lock_policy)2>::_M_get_deleter(std
1	OpenGLDisplayEGL*, (__gnu_cxx::_Lock_policy)2>::_M_get_deleter(std
1	TextAttributeRun*, (__gnu_cxx::_Lock_policy)2>::_M_get_deleter(std
1	TextDirectionRun*, (__gnu_cxx::_Lock_policy)2>::_M_get_deleter(std
1	DrawGlyphsCommand*, (__gnu_cxx::_Lock_policy)2>::_M_get_deleter(std
1	EffectShaderGLES2::GLES2Renderer*, (__gnu_cxx::_Lock_policy)2>::_M_get_deleter(std
1	EffectShaderGLES2::Shader*, (__gnu_cxx::_Lock_policy)2>::_M_get_deleter(std
1	EffectShaderGLES2*, (__gnu_cxx::_Lock_policy)2>::_M_get_deleter(std
1	FontManagerDumper*, (__gnu_cxx::_Lock_policy)2>::_M_get_deleter(std
1	GibbonBridgeTimer*, (__gnu_cxx::_Lock_policy)2>::_M_get_deleter(std
1	GibbonConsoleSink*, (__gnu_cxx::_Lock_policy)2>::_M_get_deleter(std
1	GibbonJSSyncEvent*, (__gnu_cxx::_Lock_policy)2>::_M_get_deleter(std
1	RGBMaskSamplePart*, (__gnu_cxx::_Lock_policy)2>::_M_get_deleter(std
1	SurfaceDecoderDDS*, (__gnu_cxx::_Lock_policy)2>::_M_get_deleter(std
1	SurfaceDecoderKTX*, (__gnu_cxx::_Lock_policy)2>::_M_get_deleter(std
1	SurfaceDecoderPNG*, (__gnu_cxx::_Lock_policy)2>::_M_get_deleter(std
1	SurfaceDecoderSNG*, (__gnu_cxx::_Lock_policy)2>::_M_get_deleter(std
1	ImageSurfaceLoader*, (__gnu_cxx::_Lock_policy)2>::_M_get_deleter(std
1	SurfaceCacheDumper*, (__gnu_cxx::_Lock_policy)2>::_M_get_deleter(std
1	SurfaceDecoderJPEG*, (__gnu_cxx::_Lock_policy)2>::_M_get_deleter(std
1	SurfaceDecoderMSKD*, (__gnu_cxx::_Lock_policy)2>::_M_get_deleter(std
1	SurfaceDecoderWebP*, (__gnu_cxx::_Lock_policy)2>::_M_get_deleter(std
1	SyncObjectListener*, (__gnu_cxx::_Lock_policy)2>::_M_get_deleter(std
1	TextObjectListener*, (__gnu_cxx::_Lock_policy)2>::_M_get_deleter(std
1	GibbonBridgeRequest*, (__gnu_cxx::_Lock_policy)2>::_M_get_deleter(std
1	GibbonCookieManager*, (__gnu_cxx::_Lock_policy)2>::_M_get_deleter(std
1	OpenGLShadersDumper*, (__gnu_cxx::_Lock_policy)2>::_M_get_deleter(std
1	SurfaceDecoderSpine*, (__gnu_cxx::_Lock_policy)2>::_M_get_deleter(std
1	EffectChromaKeyGLES2*, (__gnu_cxx::_Lock_policy)2>::_M_get_deleter(std
1	GibbonConsoleJSEvent*, (__gnu_cxx::_Lock_policy)2>::_M_get_deleter(std
1	GibbonDebuggerBridge*, (__gnu_cxx::_Lock_policy)2>::_M_get_deleter(std
1	GibbonScriptBindings*, (__gnu_cxx::_Lock_policy)2>::_M_get_deleter(std
1	EffectDesaturateGLES2*, (__gnu_cxx::_Lock_policy)2>::_M_get_deleter(std
1	GibbonEventConnection::GibbonJSEvent*, (__gnu_cxx::_Lock_policy)2>::_M_get_deleter(std
1	GibbonEventConnection*, (__gnu_cxx::_Lock_policy)2>::_M_get_deleter(std
1	GibbonResourceManager*, (__gnu_cxx::_Lock_policy)2>::_M_get_deleter(std
1	GibbonResourceRequest*, (__gnu_cxx::_Lock_policy)2>::_M_get_deleter(std
1	BlurEffectGLES2Command*, (__gnu_cxx::_Lock_policy)2>::_M_get_deleter(std
1	GibbonScriptStatsEvent*, (__gnu_cxx::_Lock_policy)2>::_M_get_deleter(std
1	SurfaceDecoderPlatform*, (__gnu_cxx::_Lock_policy)2>::_M_get_deleter(std
1	DebuggerInstrumentation*, (__gnu_cxx::_Lock_policy)2>::_M_get_deleter(std
1	GibbonRunBenchmarkEvent*, (__gnu_cxx::_Lock_policy)2>::_M_get_deleter(std
1	GibbonSetSuspendedEvent*, (__gnu_cxx::_Lock_policy)2>::_M_get_deleter(std
1	ImageSurfaceDecodedEvent*, (__gnu_cxx::_Lock_policy)2>::_M_get_deleter(std
1	ShaderEffectGLES2Command*, (__gnu_cxx::_Lock_policy)2>::_M_get_deleter(std
1	GibbonConsoleCommandEvent*, (__gnu_cxx::_Lock_policy)2>::_M_get_deleter(std
1	ImageSurfaceDownloadedEvent*, (__gnu_cxx::_Lock_policy)2>::_M_get_deleter(std
1	OpenGLShaderManagerRenderer*, (__gnu_cxx::_Lock_policy)2>::_M_get_deleter(std
1	DebuggerInstrumentationEvent*, (__gnu_cxx::_Lock_policy)2>::_M_get_deleter(std
1	GibbonEventLoopAutoRepeatTimer*, (__gnu_cxx::_Lock_policy)2>::_M_get_deleter(std
1	GibbonEventLoopAutoReleaseTimer*, (__gnu_cxx::_Lock_policy)2>::_M_get_deleter(std
1	GibbonScriptBindingsLoadRequest*, (__gnu_cxx::_Lock_policy)2>::_M_get_deleter(std
1	Font::RenderData*, (__gnu_cxx::_Lock_policy)2>::_M_get_deleter(std
1	Font*, (__gnu_cxx::_Lock_policy)2>::_M_get_deleter(std
1	Ruby*, (__gnu_cxx::_Lock_policy)2>::_M_get_deleter(std
1	Text*, (__gnu_cxx::_Lock_policy)2>::_M_get_deleter(std
1	Image*, (__gnu_cxx::_Lock_policy)2>::_M_get_deleter(std
1	Style*, (__gnu_cxx::_Lock_policy)2>::_M_get_deleter(std
1	Effect::Renderer*, (__gnu_cxx::_Lock_policy)2>::_M_get_deleter(std
1	Effect*, (__gnu_cxx::_Lock_policy)2>::_M_get_deleter(std
1	Player*, (__gnu_cxx::_Lock_policy)2>::_M_get_deleter(std
1	Screen*, (__gnu_cxx::_Lock_policy)2>::_M_get_deleter(std
1	Widget*, (__gnu_cxx::_Lock_policy)2>::_M_get_deleter(std
1	GCTimer*, (__gnu_cxx::_Lock_policy)2>::_M_get_deleter(std
1	Surface*, (__gnu_cxx::_Lock_policy)2>::_M_get_deleter(std
1	TextItem*, (__gnu_cxx::_Lock_policy)2>::_M_get_deleter(std
1	Animation::Info::Interpolator*, (__gnu_cxx::_Lock_policy)2>::_M_get_deleter(std
1	Animation::Task*, (__gnu_cxx::_Lock_policy)2>::_M_get_deleter(std
1	Animation::KeyFrame*, (__gnu_cxx::_Lock_policy)2>::_M_get_deleter(std
1	OpenGLFBO*, (__gnu_cxx::_Lock_policy)2>::_M_get_deleter(std
1	SizeCache*, (__gnu_cxx::_Lock_policy)2>::_M_get_deleter(std
1	VBOShader::RGBMaskPart*, (__gnu_cxx::_Lock_policy)2>::_M_get_deleter(std
1	VBOShader::ColorizePart*, (__gnu_cxx::_Lock_policy)2>::_M_get_deleter(std
1	VBOShader::RGBBicubicPart*, (__gnu_cxx::_Lock_policy)2>::_M_get_deleter(std
1	VBOShader::A8Part*, (__gnu_cxx::_Lock_policy)2>::_M_get_deleter(std
1	VBOShader::RGBPart*, (__gnu_cxx::_Lock_policy)2>::_M_get_deleter(std
1	VBOShader*, (__gnu_cxx::_Lock_policy)2>::_M_get_deleter(std
1	Surface> const&, bool)::{lambda()#1}>::_M_invoke(std
1	Widget>* std::__copy_move_backward<true, false, std::random_access_iterator_tag>::__copy_move_b<std::shared_ptr<netflix::gibbon::Widget>*, std::shared_ptr<netflix::gibbon::Widget>*>(std::shared_ptr<netflix::gibbon::Widget>*, std::shared_ptr<netflix::gibbon::Widget>*, std::shared_ptr<netflix::gibbon
1	Rect, netflix::gibbon::Rect>* std::__uninitialized_copy<false>::__uninit_copy<std::pair<netflix::gibbon::Rect, netflix::gibbon::Rect>*, std::pair<netflix::gibbon::Rect, netflix::gibbon::Rect>*>(std::pair<netflix::gibbon::Rect, netflix::gibbon::Rect>*, std::pair<netflix::gibbon::Rect, netflix::gibbon::Rect>*, std::pair<netflix::gibbon::Rect, netflix::gibbon
1	SurfaceCache::CacheEntry*, std::less<netflix::DataBuffer>, std::allocator<std::pair<netflix::DataBuffer const, netflix::gibbon::SurfaceCache::CacheEntry*> > >::operator[](netflix
1	DisplayList::Command::Type, netflix::gibbon::DisplayList::CommandCreatorBase*, std::less<netflix::gibbon::DisplayList::Command::Type>, std::allocator<std::pair<netflix::gibbon::DisplayList::Command::Type const, netflix::gibbon::DisplayList::CommandCreatorBase*> > >::operator[](netflix::gibbon::DisplayList::Command
1	SurfaceCache::SizeKey, netflix::gibbon::SurfaceCache::Stats, std::less<netflix::gibbon::SurfaceCache::SizeKey>, std::allocator<std::pair<netflix::gibbon::SurfaceCache::SizeKey const, netflix::gibbon::SurfaceCache::Stats> > >::operator[](netflix::gibbon::SurfaceCache
1	DisplayList::Command>, std::less<std::string>, std::allocator<std::pair<std::string const, std::shared_ptr<netflix::gibbon::DisplayList::Command> > > >::operator[](std
1	Animation::Task>, std::less<int>, std::allocator<std::pair<int const, std::shared_ptr<netflix::gibbon::Animation::Task> > > >
1	GraphicsEngine::Operation, std::allocator<netflix::gibbon::GraphicsEngine::Operation> >::push_back(netflix::gibbon::GraphicsEngine
1	AnimationObject>, AnimationAdvance>::pair<std::shared_ptr<netflix::gibbon::AnimationObject>&, AnimationAdvance, void>(std::shared_ptr<netflix::gibbon
1	FontManager::UnicodeBlock, std::allocator<netflix::gibbon::FontManager::UnicodeBlock> >::operator=(std::vector<netflix::gibbon::FontManager::UnicodeBlock, std::allocator<netflix::gibbon::FontManager
1	TextLayoutRun, std::allocator<netflix::gibbon::TextLayoutRun> >::erase(__gnu_cxx::__normal_iterator<netflix::gibbon::TextLayoutRun*, std::vector<netflix::gibbon::TextLayoutRun, std::allocator<netflix::gibbon::TextLayoutRun> > >, __gnu_cxx::__normal_iterator<netflix::gibbon::TextLayoutRun*, std::vector<netflix::gibbon::TextLayoutRun, std::allocator<netflix::gibbon
1	TextLayoutLine, std::allocator<netflix::gibbon::TextLayoutLine> >::erase(__gnu_cxx::__normal_iterator<netflix::gibbon::TextLayoutLine*, std::vector<netflix::gibbon::TextLayoutLine, std::allocator<netflix::gibbon::TextLayoutLine> > >, __gnu_cxx::__normal_iterator<netflix::gibbon::TextLayoutLine*, std::vector<netflix::gibbon::TextLayoutLine, std::allocator<netflix::gibbon
1	TextLineBreakRun, std::allocator<netflix::gibbon::TextLineBreakRun> >::operator=(std::vector<netflix::gibbon::TextLineBreakRun, std::allocator<netflix::gibbon
1	TextWordBreakRun, std::allocator<netflix::gibbon::TextWordBreakRun> >::operator=(std::vector<netflix::gibbon::TextWordBreakRun, std::allocator<netflix::gibbon
1	Font::RenderData::Sequence, std::allocator<netflix::gibbon::Font::RenderData::Sequence> >::erase(__gnu_cxx::__normal_iterator<netflix::gibbon::Font::RenderData::Sequence*, std::vector<netflix::gibbon::Font::RenderData::Sequence, std::allocator<netflix::gibbon::Font::RenderData::Sequence> > >, __gnu_cxx::__normal_iterator<netflix::gibbon::Font::RenderData::Sequence*, std::vector<netflix::gibbon::Font::RenderData::Sequence, std::allocator<netflix::gibbon::Font::RenderData
1	Rect, std::allocator<netflix::gibbon::Rect> >::push_back(netflix::gibbon
1	Rect, std::allocator<netflix::gibbon::Rect> >::operator=(std::vector<netflix::gibbon::Rect, std::allocator<netflix::gibbon
1	SurfaceLoader>, std::allocator<std::shared_ptr<netflix::gibbon::SurfaceLoader> > >::operator=(std::vector<std::shared_ptr<netflix::gibbon::SurfaceLoader>, std::allocator<std::shared_ptr<netflix::gibbon
1	Widget>, std::allocator<std::shared_ptr<netflix::gibbon::Widget> > >::_M_range_insert<__gnu_cxx::__normal_iterator<std::shared_ptr<netflix::gibbon::Widget> const*, std::vector<std::shared_ptr<netflix::gibbon::Widget>, std::allocator<std::shared_ptr<netflix::gibbon::Widget> > > > >(__gnu_cxx::__normal_iterator<std::shared_ptr<netflix::gibbon::Widget>*, std::vector<std::shared_ptr<netflix::gibbon::Widget>, std::allocator<std::shared_ptr<netflix::gibbon::Widget> > > >, __gnu_cxx::__normal_iterator<std::shared_ptr<netflix::gibbon::Widget> const*, std::vector<std::shared_ptr<netflix::gibbon::Widget>, std::allocator<std::shared_ptr<netflix::gibbon::Widget> > > >, __gnu_cxx::__normal_iterator<std::shared_ptr<netflix::gibbon::Widget> const*, std::vector<std::shared_ptr<netflix::gibbon::Widget>, std::allocator<std::shared_ptr<netflix::gibbon::Widget> > > >, std
1	Widget>, std::allocator<std::shared_ptr<netflix::gibbon::Widget> > >::_M_range_insert<__gnu_cxx::__normal_iterator<std::shared_ptr<netflix::gibbon::Widget>*, std::vector<std::shared_ptr<netflix::gibbon::Widget>, std::allocator<std::shared_ptr<netflix::gibbon::Widget> > > > >(__gnu_cxx::__normal_iterator<std::shared_ptr<netflix::gibbon::Widget>*, std::vector<std::shared_ptr<netflix::gibbon::Widget>, std::allocator<std::shared_ptr<netflix::gibbon::Widget> > > >, __gnu_cxx::__normal_iterator<std::shared_ptr<netflix::gibbon::Widget>*, std::vector<std::shared_ptr<netflix::gibbon::Widget>, std::allocator<std::shared_ptr<netflix::gibbon::Widget> > > >, __gnu_cxx::__normal_iterator<std::shared_ptr<netflix::gibbon::Widget>*, std::vector<std::shared_ptr<netflix::gibbon::Widget>, std::allocator<std::shared_ptr<netflix::gibbon::Widget> > > >, std
1	Widget>, std::allocator<std::shared_ptr<netflix::gibbon::Widget> > >::erase(__gnu_cxx::__normal_iterator<std::shared_ptr<netflix::gibbon::Widget>*, std::vector<std::shared_ptr<netflix::gibbon::Widget>, std::allocator<std::shared_ptr<netflix::gibbon::Widget> > > >, __gnu_cxx::__normal_iterator<std::shared_ptr<netflix::gibbon::Widget>*, std::vector<std::shared_ptr<netflix::gibbon::Widget>, std::allocator<std::shared_ptr<netflix::gibbon
1	Widget>, std::allocator<std::shared_ptr<netflix::gibbon::Widget> > >::insert<__gnu_cxx::__normal_iterator<std::shared_ptr<netflix::gibbon::Widget>*, std::vector<std::shared_ptr<netflix::gibbon::Widget>, std::allocator<std::shared_ptr<netflix::gibbon::Widget> > > >, void>(__gnu_cxx::__normal_iterator<std::shared_ptr<netflix::gibbon::Widget>*, std::vector<std::shared_ptr<netflix::gibbon::Widget>, std::allocator<std::shared_ptr<netflix::gibbon::Widget> > > >, __gnu_cxx::__normal_iterator<std::shared_ptr<netflix::gibbon::Widget>*, std::vector<std::shared_ptr<netflix::gibbon::Widget>, std::allocator<std::shared_ptr<netflix::gibbon::Widget> > > >, __gnu_cxx::__normal_iterator<std::shared_ptr<netflix::gibbon::Widget>*, std::vector<std::shared_ptr<netflix::gibbon::Widget>, std::allocator<std::shared_ptr<netflix::gibbon
1	Widget>, std::allocator<std::shared_ptr<netflix::gibbon::Widget> > >::push_back(std::shared_ptr<netflix::gibbon
1	Widget>, std::allocator<std::shared_ptr<netflix::gibbon::Widget> > >::operator=(std::vector<std::shared_ptr<netflix::gibbon::Widget>, std::allocator<std::shared_ptr<netflix::gibbon
1	Surface::Controller>, std::allocator<std::shared_ptr<netflix::gibbon::Surface::Controller> > >::push_back(std::shared_ptr<netflix::gibbon::Surface
1	Rect, netflix::gibbon::Rect>, std::allocator<std::pair<netflix::gibbon::Rect, netflix::gibbon::Rect> > >::_M_range_insert<__gnu_cxx::__normal_iterator<std::pair<netflix::gibbon::Rect, netflix::gibbon::Rect>*, std::vector<std::pair<netflix::gibbon::Rect, netflix::gibbon::Rect>, std::allocator<std::pair<netflix::gibbon::Rect, netflix::gibbon::Rect> > > > >(__gnu_cxx::__normal_iterator<std::pair<netflix::gibbon::Rect, netflix::gibbon::Rect>*, std::vector<std::pair<netflix::gibbon::Rect, netflix::gibbon::Rect>, std::allocator<std::pair<netflix::gibbon::Rect, netflix::gibbon::Rect> > > >, __gnu_cxx::__normal_iterator<std::pair<netflix::gibbon::Rect, netflix::gibbon::Rect>*, std::vector<std::pair<netflix::gibbon::Rect, netflix::gibbon::Rect>, std::allocator<std::pair<netflix::gibbon::Rect, netflix::gibbon::Rect> > > >, __gnu_cxx::__normal_iterator<std::pair<netflix::gibbon::Rect, netflix::gibbon::Rect>*, std::vector<std::pair<netflix::gibbon::Rect, netflix::gibbon::Rect>, std::allocator<std::pair<netflix::gibbon::Rect, netflix::gibbon::Rect> > > >, std
1	SurfaceLoadGeometry>, std::_Select1st<std::pair<netflix::DataBuffer const, netflix::gibbon::SurfaceLoadGeometry> >, std::less<netflix::DataBuffer>, std::allocator<std::pair<netflix::DataBuffer const, netflix::gibbon::SurfaceLoadGeometry> > >::equal_range(netflix
1	SurfaceLoadGeometry> > std::_Rb_tree<netflix::DataBuffer, std::pair<netflix::DataBuffer const, netflix::gibbon::SurfaceLoadGeometry>, std::_Select1st<std::pair<netflix::DataBuffer const, netflix::gibbon::SurfaceLoadGeometry> >, std::less<netflix::DataBuffer>, std::allocator<std::pair<netflix::DataBuffer const, netflix::gibbon::SurfaceLoadGeometry> > >::_M_insert_equal<std::pair<netflix::DataBuffer, netflix::gibbon::SurfaceLoadGeometry> >(std::pair<netflix::DataBuffer, netflix::gibbon
1	SurfaceLoadGeometry>, std::_Select1st<std::pair<netflix::DataBuffer const, netflix::gibbon::SurfaceLoadGeometry> >, std::less<netflix::DataBuffer>, std::allocator<std::pair<netflix::DataBuffer const, netflix::gibbon::SurfaceLoadGeometry> > >::_M_copy(std::_Rb_tree_node<std::pair<netflix::DataBuffer const, netflix::gibbon::SurfaceLoadGeometry> > const*, std::_Rb_tree_node<std::pair<netflix::DataBuffer const, netflix::gibbon
1	SurfaceLoadGeometry>, std::_Select1st<std::pair<netflix::DataBuffer const, netflix::gibbon::SurfaceLoadGeometry> >, std::less<netflix::DataBuffer>, std::allocator<std::pair<netflix::DataBuffer const, netflix::gibbon::SurfaceLoadGeometry> > >::_M_erase(std::_Rb_tree_node<std::pair<netflix::DataBuffer const, netflix::gibbon
1	SurfaceLoadGeometry>, std::_Select1st<std::pair<netflix::DataBuffer const, netflix::gibbon::SurfaceLoadGeometry> >, std::less<netflix::DataBuffer>, std::allocator<std::pair<netflix::DataBuffer const, netflix::gibbon::SurfaceLoadGeometry> > >::operator=(std::_Rb_tree<netflix::DataBuffer, std::pair<netflix::DataBuffer const, netflix::gibbon::SurfaceLoadGeometry>, std::_Select1st<std::pair<netflix::DataBuffer const, netflix::gibbon::SurfaceLoadGeometry> >, std::less<netflix::DataBuffer>, std::allocator<std::pair<netflix::DataBuffer const, netflix::gibbon
1	SurfaceCache::CacheEntry*>, std::_Select1st<std::pair<netflix::DataBuffer const, netflix::gibbon::SurfaceCache::CacheEntry*> >, std::less<netflix::DataBuffer>, std::allocator<std::pair<netflix::DataBuffer const, netflix::gibbon::SurfaceCache::CacheEntry*> > >::_M_get_insert_unique_pos(netflix
1	SurfaceCache::CacheEntry*>, std::_Select1st<std::pair<netflix::DataBuffer const, netflix::gibbon::SurfaceCache::CacheEntry*> >, std::less<netflix::DataBuffer>, std::allocator<std::pair<netflix::DataBuffer const, netflix::gibbon::SurfaceCache::CacheEntry*> > >::_M_get_insert_hint_unique_pos(std::_Rb_tree_const_iterator<std::pair<netflix::DataBuffer const, netflix::gibbon::SurfaceCache::CacheEntry*> >, netflix
1	SurfaceCache::CacheEntry*>, std::_Select1st<std::pair<netflix::DataBuffer const, netflix::gibbon::SurfaceCache::CacheEntry*> >, std::less<netflix::DataBuffer>, std::allocator<std::pair<netflix::DataBuffer const, netflix::gibbon::SurfaceCache::CacheEntry*> > >::find(netflix
1	SurfaceCache::CacheEntry*>, std::_Select1st<std::pair<netflix::DataBuffer const, netflix::gibbon::SurfaceCache::CacheEntry*> >, std::less<netflix::DataBuffer>, std::allocator<std::pair<netflix::DataBuffer const, netflix::gibbon::SurfaceCache::CacheEntry*> > >::erase(netflix
1	SurfaceCache::CacheEntry*>, std::_Select1st<std::pair<netflix::DataBuffer const, netflix::gibbon::SurfaceCache::CacheEntry*> >, std::less<netflix::DataBuffer>, std::allocator<std::pair<netflix::DataBuffer const, netflix::gibbon::SurfaceCache::CacheEntry*> > >::_M_erase(std::_Rb_tree_node<std::pair<netflix::DataBuffer const, netflix::gibbon::SurfaceCache
1	SurfaceCache::DecodeJob> >, std::_Select1st<std::pair<netflix::DataBuffer const, std::shared_ptr<netflix::gibbon::SurfaceCache::DecodeJob> > >, std::less<netflix::DataBuffer>, std::allocator<std::pair<netflix::DataBuffer const, std::shared_ptr<netflix::gibbon::SurfaceCache::DecodeJob> > > >::_M_get_insert_unique_pos(netflix
1	SurfaceCache::DecodeJob> >, std::_Select1st<std::pair<netflix::DataBuffer const, std::shared_ptr<netflix::gibbon::SurfaceCache::DecodeJob> > >, std::less<netflix::DataBuffer>, std::allocator<std::pair<netflix::DataBuffer const, std::shared_ptr<netflix::gibbon::SurfaceCache::DecodeJob> > > >::erase(netflix
1	SurfaceCache::DecodeJob> >, std::_Select1st<std::pair<netflix::DataBuffer const, std::shared_ptr<netflix::gibbon::SurfaceCache::DecodeJob> > >, std::less<netflix::DataBuffer>, std::allocator<std::pair<netflix::DataBuffer const, std::shared_ptr<netflix::gibbon::SurfaceCache::DecodeJob> > > >::_M_erase(std::_Rb_tree_node<std::pair<netflix::DataBuffer const, std::shared_ptr<netflix::gibbon::SurfaceCache
1	DisplayList::Command::Type, std::pair<netflix::gibbon::DisplayList::Command::Type const, netflix::gibbon::DisplayList::CommandCreatorBase*>, std::_Select1st<std::pair<netflix::gibbon::DisplayList::Command::Type const, netflix::gibbon::DisplayList::CommandCreatorBase*> >, std::less<netflix::gibbon::DisplayList::Command::Type>, std::allocator<std::pair<netflix::gibbon::DisplayList::Command::Type const, netflix::gibbon::DisplayList::CommandCreatorBase*> > >::_M_get_insert_unique_pos(netflix::gibbon::DisplayList::Command
1	DisplayList::Command::Type, std::pair<netflix::gibbon::DisplayList::Command::Type const, netflix::gibbon::DisplayList::CommandCreatorBase*>, std::_Select1st<std::pair<netflix::gibbon::DisplayList::Command::Type const, netflix::gibbon::DisplayList::CommandCreatorBase*> >, std::less<netflix::gibbon::DisplayList::Command::Type>, std::allocator<std::pair<netflix::gibbon::DisplayList::Command::Type const, netflix::gibbon::DisplayList::CommandCreatorBase*> > >::_M_erase(std::_Rb_tree_node<std::pair<netflix::gibbon::DisplayList::Command::Type const, netflix::gibbon::DisplayList
1	SurfaceCache::SizeKey, std::pair<netflix::gibbon::SurfaceCache::SizeKey const, netflix::gibbon::SurfaceCache::Stats>, std::_Select1st<std::pair<netflix::gibbon::SurfaceCache::SizeKey const, netflix::gibbon::SurfaceCache::Stats> >, std::less<netflix::gibbon::SurfaceCache::SizeKey>, std::allocator<std::pair<netflix::gibbon::SurfaceCache::SizeKey const, netflix::gibbon::SurfaceCache::Stats> > >::_M_get_insert_unique_pos(netflix::gibbon::SurfaceCache
1	SurfaceCache::SizeKey, std::pair<netflix::gibbon::SurfaceCache::SizeKey const, netflix::gibbon::SurfaceCache::Stats>, std::_Select1st<std::pair<netflix::gibbon::SurfaceCache::SizeKey const, netflix::gibbon::SurfaceCache::Stats> >, std::less<netflix::gibbon::SurfaceCache::SizeKey>, std::allocator<std::pair<netflix::gibbon::SurfaceCache::SizeKey const, netflix::gibbon::SurfaceCache::Stats> > >::_M_erase(std::_Rb_tree_node<std::pair<netflix::gibbon::SurfaceCache::SizeKey const, netflix::gibbon::SurfaceCache
1	FontSize, std::pair<netflix::gibbon::FontSize const, std::weak_ptr<netflix::gibbon::FreetypeSize> >, std::_Select1st<std::pair<netflix::gibbon::FontSize const, std::weak_ptr<netflix::gibbon::FreetypeSize> > >, std::less<netflix::gibbon::FontSize>, std::allocator<std::pair<netflix::gibbon::FontSize const, std::weak_ptr<netflix::gibbon::FreetypeSize> > > >::_M_get_insert_unique_pos(netflix::gibbon
1	FontSize, std::pair<netflix::gibbon::FontSize const, std::weak_ptr<netflix::gibbon::FreetypeSize> >, std::_Select1st<std::pair<netflix::gibbon::FontSize const, std::weak_ptr<netflix::gibbon::FreetypeSize> > >, std::less<netflix::gibbon::FontSize>, std::allocator<std::pair<netflix::gibbon::FontSize const, std::weak_ptr<netflix::gibbon::FreetypeSize> > > >::_M_erase(std::_Rb_tree_node<std::pair<netflix::gibbon::FontSize const, std::weak_ptr<netflix::gibbon
1	GlyphString const*>, bool> std::_Rb_tree<netflix::gibbon::GlyphString const*, netflix::gibbon::GlyphString const*, std::_Identity<netflix::gibbon::GlyphString const*>, std::less<netflix::gibbon::GlyphString const*>, std::allocator<netflix::gibbon::GlyphString const*> >::_M_insert_unique<netflix::gibbon::GlyphString const* const&>(netflix::gibbon
1	GlyphString const*, netflix::gibbon::GlyphString const*, std::_Identity<netflix::gibbon::GlyphString const*>, std::less<netflix::gibbon::GlyphString const*>, std::allocator<netflix::gibbon::GlyphString const*> >::_M_erase(std::_Rb_tree_node<netflix::gibbon
1	FreetypeFace*, std::pair<netflix::gibbon::FreetypeFace* const, std::_Rb_tree_iterator<std::pair<std::string const, std::weak_ptr<netflix::gibbon::FreetypeFace> > > >, std::_Select1st<std::pair<netflix::gibbon::FreetypeFace* const, std::_Rb_tree_iterator<std::pair<std::string const, std::weak_ptr<netflix::gibbon::FreetypeFace> > > > >, std::less<netflix::gibbon::FreetypeFace*>, std::allocator<std::pair<netflix::gibbon::FreetypeFace* const, std::_Rb_tree_iterator<std::pair<std::string const, std::weak_ptr<netflix::gibbon::FreetypeFace> > > > > >::_M_get_insert_unique_pos(netflix::gibbon
1	FreetypeFace*, std::pair<netflix::gibbon::FreetypeFace* const, std::_Rb_tree_iterator<std::pair<std::string const, std::weak_ptr<netflix::gibbon::FreetypeFace> > > >, std::_Select1st<std::pair<netflix::gibbon::FreetypeFace* const, std::_Rb_tree_iterator<std::pair<std::string const, std::weak_ptr<netflix::gibbon::FreetypeFace> > > > >, std::less<netflix::gibbon::FreetypeFace*>, std::allocator<std::pair<netflix::gibbon::FreetypeFace* const, std::_Rb_tree_iterator<std::pair<std::string const, std::weak_ptr<netflix::gibbon::FreetypeFace> > > > > >::_M_erase(std::_Rb_tree_node<std::pair<netflix::gibbon::FreetypeFace* const, std::_Rb_tree_iterator<std::pair<std::string const, std::weak_ptr<netflix::gibbon
1	AnimationObject*, std::pair<netflix::gibbon::AnimationObject* const, std::map<int, std::shared_ptr<netflix::gibbon::Animation::Task>, std::less<int>, std::allocator<std::pair<int const, std::shared_ptr<netflix::gibbon::Animation::Task> > > > >, std::_Select1st<std::pair<netflix::gibbon::AnimationObject* const, std::map<int, std::shared_ptr<netflix::gibbon::Animation::Task>, std::less<int>, std::allocator<std::pair<int const, std::shared_ptr<netflix::gibbon::Animation::Task> > > > > >, std::less<netflix::gibbon::AnimationObject*>, std::allocator<std::pair<netflix::gibbon::AnimationObject* const, std::map<int, std::shared_ptr<netflix::gibbon::Animation::Task>, std::less<int>, std::allocator<std::pair<int const, std::shared_ptr<netflix::gibbon::Animation::Task> > > > > > >::_M_get_insert_unique_pos(netflix::gibbon
1	AnimationObject*, std::pair<netflix::gibbon::AnimationObject* const, std::map<int, std::shared_ptr<netflix::gibbon::Animation::Task>, std::less<int>, std::allocator<std::pair<int const, std::shared_ptr<netflix::gibbon::Animation::Task> > > > >, std::_Select1st<std::pair<netflix::gibbon::AnimationObject* const, std::map<int, std::shared_ptr<netflix::gibbon::Animation::Task>, std::less<int>, std::allocator<std::pair<int const, std::shared_ptr<netflix::gibbon::Animation::Task> > > > > >, std::less<netflix::gibbon::AnimationObject*>, std::allocator<std::pair<netflix::gibbon::AnimationObject* const, std::map<int, std::shared_ptr<netflix::gibbon::Animation::Task>, std::less<int>, std::allocator<std::pair<int const, std::shared_ptr<netflix::gibbon::Animation::Task> > > > > > >::find(netflix::gibbon
1	AnimationObject*, std::pair<netflix::gibbon::AnimationObject* const, std::map<int, std::shared_ptr<netflix::gibbon::Animation::Task>, std::less<int>, std::allocator<std::pair<int const, std::shared_ptr<netflix::gibbon::Animation::Task> > > > >, std::_Select1st<std::pair<netflix::gibbon::AnimationObject* const, std::map<int, std::shared_ptr<netflix::gibbon::Animation::Task>, std::less<int>, std::allocator<std::pair<int const, std::shared_ptr<netflix::gibbon::Animation::Task> > > > > >, std::less<netflix::gibbon::AnimationObject*>, std::allocator<std::pair<netflix::gibbon::AnimationObject* const, std::map<int, std::shared_ptr<netflix::gibbon::Animation::Task>, std::less<int>, std::allocator<std::pair<int const, std::shared_ptr<netflix::gibbon::Animation::Task> > > > > > >::_M_erase(std::_Rb_tree_node<std::pair<netflix::gibbon::AnimationObject* const, std::map<int, std::shared_ptr<netflix::gibbon::Animation::Task>, std::less<int>, std::allocator<std::pair<int const, std::shared_ptr<netflix::gibbon::Animation
1	GibbonScriptBindingsLoadRequest*, netflix::gibbon::GibbonScriptBindingsLoadRequest*, std::_Identity<netflix::gibbon::GibbonScriptBindingsLoadRequest*>, std::less<netflix::gibbon::GibbonScriptBindingsLoadRequest*>, std::allocator<netflix::gibbon::GibbonScriptBindingsLoadRequest*> >::_M_erase(std::_Rb_tree_node<netflix::gibbon
1	Surface*, std::pair<netflix::gibbon::Surface* const, netflix::DataBuffer>, std::_Select1st<std::pair<netflix::gibbon::Surface* const, netflix::DataBuffer> >, std::less<netflix::gibbon::Surface*>, std::allocator<std::pair<netflix::gibbon::Surface* const, netflix::DataBuffer> > >::_M_get_insert_unique_pos(netflix::gibbon
1	Surface*, std::pair<netflix::gibbon::Surface* const, netflix::DataBuffer>, std::_Select1st<std::pair<netflix::gibbon::Surface* const, netflix::DataBuffer> >, std::less<netflix::gibbon::Surface*>, std::allocator<std::pair<netflix::gibbon::Surface* const, netflix::DataBuffer> > >::erase(netflix::gibbon
1	Surface*, std::pair<netflix::gibbon::Surface* const, netflix::DataBuffer>, std::_Select1st<std::pair<netflix::gibbon::Surface* const, netflix::DataBuffer> >, std::less<netflix::gibbon::Surface*>, std::allocator<std::pair<netflix::gibbon::Surface* const, netflix::DataBuffer> > >::_M_erase(std::_Rb_tree_node<std::pair<netflix::gibbon::Surface* const, netflix
1	Surface*, std::pair<netflix::gibbon::Surface* const, netflix::gibbon::SurfaceCache::CacheEntry*>, std::_Select1st<std::pair<netflix::gibbon::Surface* const, netflix::gibbon::SurfaceCache::CacheEntry*> >, std::less<netflix::gibbon::Surface*>, std::allocator<std::pair<netflix::gibbon::Surface* const, netflix::gibbon::SurfaceCache::CacheEntry*> > >::_M_get_insert_unique_pos(netflix::gibbon
1	Surface*, std::pair<netflix::gibbon::Surface* const, netflix::gibbon::SurfaceCache::CacheEntry*>, std::_Select1st<std::pair<netflix::gibbon::Surface* const, netflix::gibbon::SurfaceCache::CacheEntry*> >, std::less<netflix::gibbon::Surface*>, std::allocator<std::pair<netflix::gibbon::Surface* const, netflix::gibbon::SurfaceCache::CacheEntry*> > >::_M_erase(std::_Rb_tree_node<std::pair<netflix::gibbon::Surface* const, netflix::gibbon::SurfaceCache
1	OpenGLFBO* const, netflix::LRU<netflix::gibbon::OpenGLFBO*, std::shared_ptr<netflix::gibbon::OpenGLFBO>, netflix::gibbon::OpenGLFBO::Cost, netflix::gibbon::OpenGLFBO::PurgeAllow>::Node*> >, bool> std::_Rb_tree<netflix::gibbon::OpenGLFBO*, std::pair<netflix::gibbon::OpenGLFBO* const, netflix::LRU<netflix::gibbon::OpenGLFBO*, std::shared_ptr<netflix::gibbon::OpenGLFBO>, netflix::gibbon::OpenGLFBO::Cost, netflix::gibbon::OpenGLFBO::PurgeAllow>::Node*>, std::_Select1st<std::pair<netflix::gibbon::OpenGLFBO* const, netflix::LRU<netflix::gibbon::OpenGLFBO*, std::shared_ptr<netflix::gibbon::OpenGLFBO>, netflix::gibbon::OpenGLFBO::Cost, netflix::gibbon::OpenGLFBO::PurgeAllow>::Node*> >, std::less<netflix::gibbon::OpenGLFBO*>, std::allocator<std::pair<netflix::gibbon::OpenGLFBO* const, netflix::LRU<netflix::gibbon::OpenGLFBO*, std::shared_ptr<netflix::gibbon::OpenGLFBO>, netflix::gibbon::OpenGLFBO::Cost, netflix::gibbon::OpenGLFBO::PurgeAllow>::Node*> > >::_M_insert_unique<std::pair<netflix::gibbon::OpenGLFBO*, netflix::LRU<netflix::gibbon::OpenGLFBO*, std::shared_ptr<netflix::gibbon::OpenGLFBO>, netflix::gibbon::OpenGLFBO::Cost, netflix::gibbon::OpenGLFBO::PurgeAllow>::Node*> >(std::pair<netflix::gibbon::OpenGLFBO*, netflix::LRU<netflix::gibbon::OpenGLFBO*, std::shared_ptr<netflix::gibbon::OpenGLFBO>, netflix::gibbon::OpenGLFBO::Cost, netflix::gibbon::OpenGLFBO::PurgeAllow>
1	OpenGLFBO*, std::pair<netflix::gibbon::OpenGLFBO* const, netflix::LRU<netflix::gibbon::OpenGLFBO*, std::shared_ptr<netflix::gibbon::OpenGLFBO>, netflix::gibbon::OpenGLFBO::Cost, netflix::gibbon::OpenGLFBO::PurgeAllow>::Node*>, std::_Select1st<std::pair<netflix::gibbon::OpenGLFBO* const, netflix::LRU<netflix::gibbon::OpenGLFBO*, std::shared_ptr<netflix::gibbon::OpenGLFBO>, netflix::gibbon::OpenGLFBO::Cost, netflix::gibbon::OpenGLFBO::PurgeAllow>::Node*> >, std::less<netflix::gibbon::OpenGLFBO*>, std::allocator<std::pair<netflix::gibbon::OpenGLFBO* const, netflix::LRU<netflix::gibbon::OpenGLFBO*, std::shared_ptr<netflix::gibbon::OpenGLFBO>, netflix::gibbon::OpenGLFBO::Cost, netflix::gibbon::OpenGLFBO::PurgeAllow>::Node*> > >::find(netflix::gibbon
1	OpenGLFBO*, std::pair<netflix::gibbon::OpenGLFBO* const, netflix::LRU<netflix::gibbon::OpenGLFBO*, std::shared_ptr<netflix::gibbon::OpenGLFBO>, netflix::gibbon::OpenGLFBO::Cost, netflix::gibbon::OpenGLFBO::PurgeAllow>::Node*>, std::_Select1st<std::pair<netflix::gibbon::OpenGLFBO* const, netflix::LRU<netflix::gibbon::OpenGLFBO*, std::shared_ptr<netflix::gibbon::OpenGLFBO>, netflix::gibbon::OpenGLFBO::Cost, netflix::gibbon::OpenGLFBO::PurgeAllow>::Node*> >, std::less<netflix::gibbon::OpenGLFBO*>, std::allocator<std::pair<netflix::gibbon::OpenGLFBO* const, netflix::LRU<netflix::gibbon::OpenGLFBO*, std::shared_ptr<netflix::gibbon::OpenGLFBO>, netflix::gibbon::OpenGLFBO::Cost, netflix::gibbon::OpenGLFBO::PurgeAllow>::Node*> > >::_M_erase(std::_Rb_tree_node<std::pair<netflix::gibbon::OpenGLFBO* const, netflix::LRU<netflix::gibbon::OpenGLFBO*, std::shared_ptr<netflix::gibbon::OpenGLFBO>, netflix::gibbon::OpenGLFBO::Cost, netflix::gibbon::OpenGLFBO::PurgeAllow>
1	SurfaceLoadSource>, std::_Select1st<std::pair<std::string const, netflix::gibbon::SurfaceLoadSource> >, std::less<std::string>, std::allocator<std::pair<std::string const, netflix::gibbon::SurfaceLoadSource> > >::_M_get_insert_unique_pos(std
1	SurfaceLoadSource>, std::_Select1st<std::pair<std::string const, netflix::gibbon::SurfaceLoadSource> >, std::less<std::string>, std::allocator<std::pair<std::string const, netflix::gibbon::SurfaceLoadSource> > >::find(std
1	SurfaceLoadSource>, std::_Select1st<std::pair<std::string const, netflix::gibbon::SurfaceLoadSource> >, std::less<std::string>, std::allocator<std::pair<std::string const, netflix::gibbon::SurfaceLoadSource> > >::_M_erase(std::_Rb_tree_node<std::pair<std::string const, netflix::gibbon
1	OpenGLProgram>, netflix::LRUOne<std::shared_ptr<netflix::gibbon::OpenGLProgram> >, netflix::gibbon::OpenGLShaders::ProgramPurgable>::Node*>, std::_Select1st<std::pair<std::string const, netflix::LRU<std::string, std::shared_ptr<netflix::gibbon::OpenGLProgram>, netflix::LRUOne<std::shared_ptr<netflix::gibbon::OpenGLProgram> >, netflix::gibbon::OpenGLShaders::ProgramPurgable>::Node*> >, std::less<std::string>, std::allocator<std::pair<std::string const, netflix::LRU<std::string, std::shared_ptr<netflix::gibbon::OpenGLProgram>, netflix::LRUOne<std::shared_ptr<netflix::gibbon::OpenGLProgram> >, netflix::gibbon::OpenGLShaders::ProgramPurgable>::Node*> > >::_M_erase_aux(std::_Rb_tree_const_iterator<std::pair<std::string const, netflix::LRU<std::string, std::shared_ptr<netflix::gibbon::OpenGLProgram>, netflix::LRUOne<std::shared_ptr<netflix::gibbon::OpenGLProgram> >, netflix::gibbon::OpenGLShaders::ProgramPurgable>
1	OpenGLProgram>, netflix::LRUOne<std::shared_ptr<netflix::gibbon::OpenGLProgram> >, netflix::gibbon::OpenGLShaders::ProgramPurgable>::Node*> >, bool> std::_Rb_tree<std::string, std::pair<std::string const, netflix::LRU<std::string, std::shared_ptr<netflix::gibbon::OpenGLProgram>, netflix::LRUOne<std::shared_ptr<netflix::gibbon::OpenGLProgram> >, netflix::gibbon::OpenGLShaders::ProgramPurgable>::Node*>, std::_Select1st<std::pair<std::string const, netflix::LRU<std::string, std::shared_ptr<netflix::gibbon::OpenGLProgram>, netflix::LRUOne<std::shared_ptr<netflix::gibbon::OpenGLProgram> >, netflix::gibbon::OpenGLShaders::ProgramPurgable>::Node*> >, std::less<std::string>, std::allocator<std::pair<std::string const, netflix::LRU<std::string, std::shared_ptr<netflix::gibbon::OpenGLProgram>, netflix::LRUOne<std::shared_ptr<netflix::gibbon::OpenGLProgram> >, netflix::gibbon::OpenGLShaders::ProgramPurgable>::Node*> > >::_M_insert_unique<std::pair<std::string, netflix::LRU<std::string, std::shared_ptr<netflix::gibbon::OpenGLProgram>, netflix::LRUOne<std::shared_ptr<netflix::gibbon::OpenGLProgram> >, netflix::gibbon::OpenGLShaders::ProgramPurgable>::Node*> >(std::pair<std::string, netflix::LRU<std::string, std::shared_ptr<netflix::gibbon::OpenGLProgram>, netflix::LRUOne<std::shared_ptr<netflix::gibbon::OpenGLProgram> >, netflix::gibbon::OpenGLShaders::ProgramPurgable>
1	OpenGLProgram>, netflix::LRUOne<std::shared_ptr<netflix::gibbon::OpenGLProgram> >, netflix::gibbon::OpenGLShaders::ProgramPurgable>::Node*>, std::_Select1st<std::pair<std::string const, netflix::LRU<std::string, std::shared_ptr<netflix::gibbon::OpenGLProgram>, netflix::LRUOne<std::shared_ptr<netflix::gibbon::OpenGLProgram> >, netflix::gibbon::OpenGLShaders::ProgramPurgable>::Node*> >, std::less<std::string>, std::allocator<std::pair<std::string const, netflix::LRU<std::string, std::shared_ptr<netflix::gibbon::OpenGLProgram>, netflix::LRUOne<std::shared_ptr<netflix::gibbon::OpenGLProgram> >, netflix::gibbon::OpenGLShaders::ProgramPurgable>::Node*> > >::find(std
1	OpenGLProgram>, netflix::LRUOne<std::shared_ptr<netflix::gibbon::OpenGLProgram> >, netflix::gibbon::OpenGLShaders::ProgramPurgable>::Node*>, std::_Select1st<std::pair<std::string const, netflix::LRU<std::string, std::shared_ptr<netflix::gibbon::OpenGLProgram>, netflix::LRUOne<std::shared_ptr<netflix::gibbon::OpenGLProgram> >, netflix::gibbon::OpenGLShaders::ProgramPurgable>::Node*> >, std::less<std::string>, std::allocator<std::pair<std::string const, netflix::LRU<std::string, std::shared_ptr<netflix::gibbon::OpenGLProgram>, netflix::LRUOne<std::shared_ptr<netflix::gibbon::OpenGLProgram> >, netflix::gibbon::OpenGLShaders::ProgramPurgable>::Node*> > >::_M_erase(std::_Rb_tree_node<std::pair<std::string const, netflix::LRU<std::string, std::shared_ptr<netflix::gibbon::OpenGLProgram>, netflix::LRUOne<std::shared_ptr<netflix::gibbon::OpenGLProgram> >, netflix::gibbon::OpenGLShaders::ProgramPurgable>
1	DisplayList::Command> >, std::_Select1st<std::pair<std::string const, std::shared_ptr<netflix::gibbon::DisplayList::Command> > >, std::less<std::string>, std::allocator<std::pair<std::string const, std::shared_ptr<netflix::gibbon::DisplayList::Command> > > >::_M_get_insert_unique_pos(std
1	DisplayList::Command> >, std::_Select1st<std::pair<std::string const, std::shared_ptr<netflix::gibbon::DisplayList::Command> > >, std::less<std::string>, std::allocator<std::pair<std::string const, std::shared_ptr<netflix::gibbon::DisplayList::Command> > > >::_M_erase(std::_Rb_tree_node<std::pair<std::string const, std::shared_ptr<netflix::gibbon::DisplayList
1	FontManager::FontRegistryItem> >, std::_Select1st<std::pair<std::string const, std::shared_ptr<netflix::gibbon::FontManager::FontRegistryItem> > >, std::less<std::string>, std::allocator<std::pair<std::string const, std::shared_ptr<netflix::gibbon::FontManager::FontRegistryItem> > > >::_M_erase_aux(std::_Rb_tree_const_iterator<std::pair<std::string const, std::shared_ptr<netflix::gibbon::FontManager
1	FontManager::FontRegistryItem> > >, bool> std::_Rb_tree<std::string, std::pair<std::string const, std::shared_ptr<netflix::gibbon::FontManager::FontRegistryItem> >, std::_Select1st<std::pair<std::string const, std::shared_ptr<netflix::gibbon::FontManager::FontRegistryItem> > >, std::less<std::string>, std::allocator<std::pair<std::string const, std::shared_ptr<netflix::gibbon::FontManager::FontRegistryItem> > > >::_M_insert_unique<std::pair<std::string, std::shared_ptr<netflix::gibbon::FontManager::FontRegistryItem> > >(std::pair<std::string, std::shared_ptr<netflix::gibbon::FontManager
1	FontManager::FontRegistryItem> >, std::_Select1st<std::pair<std::string const, std::shared_ptr<netflix::gibbon::FontManager::FontRegistryItem> > >, std::less<std::string>, std::allocator<std::pair<std::string const, std::shared_ptr<netflix::gibbon::FontManager::FontRegistryItem> > > >::_M_get_insert_unique_pos(std
1	FontManager::FontRegistryItem> >, std::_Select1st<std::pair<std::string const, std::shared_ptr<netflix::gibbon::FontManager::FontRegistryItem> > >, std::less<std::string>, std::allocator<std::pair<std::string const, std::shared_ptr<netflix::gibbon::FontManager::FontRegistryItem> > > >::find(std
1	FontManager::FontRegistryItem> >, std::_Select1st<std::pair<std::string const, std::shared_ptr<netflix::gibbon::FontManager::FontRegistryItem> > >, std::less<std::string>, std::allocator<std::pair<std::string const, std::shared_ptr<netflix::gibbon::FontManager::FontRegistryItem> > > >::_M_copy(std::_Rb_tree_node<std::pair<std::string const, std::shared_ptr<netflix::gibbon::FontManager::FontRegistryItem> > > const*, std::_Rb_tree_node<std::pair<std::string const, std::shared_ptr<netflix::gibbon::FontManager
1	FontManager::FontRegistryItem> >, std::_Select1st<std::pair<std::string const, std::shared_ptr<netflix::gibbon::FontManager::FontRegistryItem> > >, std::less<std::string>, std::allocator<std::pair<std::string const, std::shared_ptr<netflix::gibbon::FontManager::FontRegistryItem> > > >::_M_erase(std::_Rb_tree_node<std::pair<std::string const, std::shared_ptr<netflix::gibbon::FontManager
1	Player> >, std::_Select1st<std::pair<std::string const, std::shared_ptr<netflix::gibbon::Player> > >, std::less<std::string>, std::allocator<std::pair<std::string const, std::shared_ptr<netflix::gibbon::Player> > > >::_M_get_insert_unique_pos(std
1	Player> >, std::_Select1st<std::pair<std::string const, std::shared_ptr<netflix::gibbon::Player> > >, std::less<std::string>, std::allocator<std::pair<std::string const, std::shared_ptr<netflix::gibbon::Player> > > >::_M_copy(std::_Rb_tree_node<std::pair<std::string const, std::shared_ptr<netflix::gibbon::Player> > > const*, std::_Rb_tree_node<std::pair<std::string const, std::shared_ptr<netflix::gibbon
1	Player> >, std::_Select1st<std::pair<std::string const, std::shared_ptr<netflix::gibbon::Player> > >, std::less<std::string>, std::allocator<std::pair<std::string const, std::shared_ptr<netflix::gibbon::Player> > > >::_M_erase(std::_Rb_tree_node<std::pair<std::string const, std::shared_ptr<netflix::gibbon
1	FontManager::UnicodeBlock, std::allocator<netflix::gibbon::FontManager::UnicodeBlock> > >, std::_Select1st<std::pair<std::string const, std::vector<netflix::gibbon::FontManager::UnicodeBlock, std::allocator<netflix::gibbon::FontManager::UnicodeBlock> > > >, std::less<std::string>, std::allocator<std::pair<std::string const, std::vector<netflix::gibbon::FontManager::UnicodeBlock, std::allocator<netflix::gibbon::FontManager::UnicodeBlock> > > > >::equal_range(std
1	FontManager::UnicodeBlock, std::allocator<netflix::gibbon::FontManager::UnicodeBlock> > >, std::_Select1st<std::pair<std::string const, std::vector<netflix::gibbon::FontManager::UnicodeBlock, std::allocator<netflix::gibbon::FontManager::UnicodeBlock> > > >, std::less<std::string>, std::allocator<std::pair<std::string const, std::vector<netflix::gibbon::FontManager::UnicodeBlock, std::allocator<netflix::gibbon::FontManager::UnicodeBlock> > > > >::_M_get_insert_unique_pos(std
1	FontManager::UnicodeBlock, std::allocator<netflix::gibbon::FontManager::UnicodeBlock> > >, std::_Select1st<std::pair<std::string const, std::vector<netflix::gibbon::FontManager::UnicodeBlock, std::allocator<netflix::gibbon::FontManager::UnicodeBlock> > > >, std::less<std::string>, std::allocator<std::pair<std::string const, std::vector<netflix::gibbon::FontManager::UnicodeBlock, std::allocator<netflix::gibbon::FontManager::UnicodeBlock> > > > >::_M_erase(std::_Rb_tree_node<std::pair<std::string const, std::vector<netflix::gibbon::FontManager::UnicodeBlock, std::allocator<netflix::gibbon::FontManager
1	IteratorsCache::BreakSuppression, std::allocator<netflix::gibbon::IteratorsCache::BreakSuppression> > > >, bool> std::_Rb_tree<std::string, std::pair<std::string const, std::vector<netflix::gibbon::IteratorsCache::BreakSuppression, std::allocator<netflix::gibbon::IteratorsCache::BreakSuppression> > >, std::_Select1st<std::pair<std::string const, std::vector<netflix::gibbon::IteratorsCache::BreakSuppression, std::allocator<netflix::gibbon::IteratorsCache::BreakSuppression> > > >, std::less<std::string>, std::allocator<std::pair<std::string const, std::vector<netflix::gibbon::IteratorsCache::BreakSuppression, std::allocator<netflix::gibbon::IteratorsCache::BreakSuppression> > > > >::_M_insert_unique<std::pair<std::string, std::vector<netflix::gibbon::IteratorsCache::BreakSuppression, std::allocator<netflix::gibbon::IteratorsCache::BreakSuppression> > > >(std::pair<std::string, std::vector<netflix::gibbon::IteratorsCache::BreakSuppression, std::allocator<netflix::gibbon::IteratorsCache
1	IteratorsCache::BreakSuppression, std::allocator<netflix::gibbon::IteratorsCache::BreakSuppression> > >, std::_Select1st<std::pair<std::string const, std::vector<netflix::gibbon::IteratorsCache::BreakSuppression, std::allocator<netflix::gibbon::IteratorsCache::BreakSuppression> > > >, std::less<std::string>, std::allocator<std::pair<std::string const, std::vector<netflix::gibbon::IteratorsCache::BreakSuppression, std::allocator<netflix::gibbon::IteratorsCache::BreakSuppression> > > > >::_M_erase(std::_Rb_tree_node<std::pair<std::string const, std::vector<netflix::gibbon::IteratorsCache::BreakSuppression, std::allocator<netflix::gibbon::IteratorsCache
1	Rect, std::allocator<netflix::gibbon::Rect> > >, std::_Select1st<std::pair<std::string const, std::vector<netflix::gibbon::Rect, std::allocator<netflix::gibbon::Rect> > > >, std::less<std::string>, std::allocator<std::pair<std::string const, std::vector<netflix::gibbon::Rect, std::allocator<netflix::gibbon::Rect> > > > >::_M_insert_node(std::_Rb_tree_node_base*, std::_Rb_tree_node_base*, std::_Rb_tree_node<std::pair<std::string const, std::vector<netflix::gibbon::Rect, std::allocator<netflix::gibbon
1	Rect, std::allocator<netflix::gibbon::Rect> > >, std::_Select1st<std::pair<std::string const, std::vector<netflix::gibbon::Rect, std::allocator<netflix::gibbon::Rect> > > >, std::less<std::string>, std::allocator<std::pair<std::string const, std::vector<netflix::gibbon::Rect, std::allocator<netflix::gibbon::Rect> > > > >::_M_get_insert_unique_pos(std
1	Rect, std::allocator<netflix::gibbon::Rect> > >, std::_Select1st<std::pair<std::string const, std::vector<netflix::gibbon::Rect, std::allocator<netflix::gibbon::Rect> > > >, std::less<std::string>, std::allocator<std::pair<std::string const, std::vector<netflix::gibbon::Rect, std::allocator<netflix::gibbon::Rect> > > > >::_M_get_insert_hint_unique_pos(std::_Rb_tree_const_iterator<std::pair<std::string const, std::vector<netflix::gibbon::Rect, std::allocator<netflix::gibbon::Rect> > > >, std
1	Rect, std::allocator<netflix::gibbon::Rect> > >, std::_Select1st<std::pair<std::string const, std::vector<netflix::gibbon::Rect, std::allocator<netflix::gibbon::Rect> > > >, std::less<std::string>, std::allocator<std::pair<std::string const, std::vector<netflix::gibbon::Rect, std::allocator<netflix::gibbon::Rect> > > > >::_M_erase(std::_Rb_tree_node<std::pair<std::string const, std::vector<netflix::gibbon::Rect, std::allocator<netflix::gibbon
1	FreetypeFace> > >, bool> std::_Rb_tree<std::string, std::pair<std::string const, std::weak_ptr<netflix::gibbon::FreetypeFace> >, std::_Select1st<std::pair<std::string const, std::weak_ptr<netflix::gibbon::FreetypeFace> > >, std::less<std::string>, std::allocator<std::pair<std::string const, std::weak_ptr<netflix::gibbon::FreetypeFace> > > >::_M_insert_unique<std::pair<std::string, std::shared_ptr<netflix::gibbon::FreetypeFace> > >(std::pair<std::string, std::shared_ptr<netflix::gibbon
1	FreetypeFace> >, std::_Select1st<std::pair<std::string const, std::weak_ptr<netflix::gibbon::FreetypeFace> > >, std::less<std::string>, std::allocator<std::pair<std::string const, std::weak_ptr<netflix::gibbon::FreetypeFace> > > >::_M_erase(std::_Rb_tree_node<std::pair<std::string const, std::weak_ptr<netflix::gibbon
1	Font> >, std::_Select1st<std::pair<std::string const, std::weak_ptr<netflix::gibbon::Font> > >, std::less<std::string>, std::allocator<std::pair<std::string const, std::weak_ptr<netflix::gibbon::Font> > > >::_M_erase(std::_Rb_tree_node<std::pair<std::string const, std::weak_ptr<netflix::gibbon
1	OpenGLContext> >, bool> std::_Rb_tree<std::shared_ptr<netflix::gibbon::OpenGLContext>, std::shared_ptr<netflix::gibbon::OpenGLContext>, std::_Identity<std::shared_ptr<netflix::gibbon::OpenGLContext> >, std::less<std::shared_ptr<netflix::gibbon::OpenGLContext> >, std::allocator<std::shared_ptr<netflix::gibbon::OpenGLContext> > >::_M_insert_unique<std::shared_ptr<netflix::gibbon::OpenGLContext> const&>(std::shared_ptr<netflix::gibbon
1	OpenGLContext>, std::shared_ptr<netflix::gibbon::OpenGLContext>, std::_Identity<std::shared_ptr<netflix::gibbon::OpenGLContext> >, std::less<std::shared_ptr<netflix::gibbon::OpenGLContext> >, std::allocator<std::shared_ptr<netflix::gibbon::OpenGLContext> > >::_M_erase(std::_Rb_tree_node<std::shared_ptr<netflix::gibbon
1	SurfaceSource::Listener>, std::shared_ptr<netflix::gibbon::SurfaceSource::Listener>, std::_Identity<std::shared_ptr<netflix::gibbon::SurfaceSource::Listener> >, std::less<std::shared_ptr<netflix::gibbon::SurfaceSource::Listener> >, std::allocator<std::shared_ptr<netflix::gibbon::SurfaceSource::Listener> > >::_M_erase(std::_Rb_tree_node<std::shared_ptr<netflix::gibbon::SurfaceSource
1	Text::Listener>, std::shared_ptr<netflix::gibbon::Text::Listener>, std::_Identity<std::shared_ptr<netflix::gibbon::Text::Listener> >, std::less<std::shared_ptr<netflix::gibbon::Text::Listener> >, std::allocator<std::shared_ptr<netflix::gibbon::Text::Listener> > >::_M_erase(std::_Rb_tree_node<std::shared_ptr<netflix::gibbon::Text
1	Widget::Listener>, std::shared_ptr<netflix::gibbon::Widget::Listener>, std::_Identity<std::shared_ptr<netflix::gibbon::Widget::Listener> >, std::less<std::shared_ptr<netflix::gibbon::Widget::Listener> >, std::allocator<std::shared_ptr<netflix::gibbon::Widget::Listener> > >::_M_erase(std::_Rb_tree_node<std::shared_ptr<netflix::gibbon::Widget
1	Widget> >, bool> std::_Rb_tree<std::shared_ptr<netflix::gibbon::Widget>, std::shared_ptr<netflix::gibbon::Widget>, std::_Identity<std::shared_ptr<netflix::gibbon::Widget> >, std::less<std::shared_ptr<netflix::gibbon::Widget> >, std::allocator<std::shared_ptr<netflix::gibbon::Widget> > >::_M_insert_unique<std::shared_ptr<netflix::gibbon::Widget> const&>(std::shared_ptr<netflix::gibbon
1	Widget>, std::shared_ptr<netflix::gibbon::Widget>, std::_Identity<std::shared_ptr<netflix::gibbon::Widget> >, std::less<std::shared_ptr<netflix::gibbon::Widget> >, std::allocator<std::shared_ptr<netflix::gibbon::Widget> > >::find(std::shared_ptr<netflix::gibbon
1	Widget>, std::shared_ptr<netflix::gibbon::Widget>, std::_Identity<std::shared_ptr<netflix::gibbon::Widget> >, std::less<std::shared_ptr<netflix::gibbon::Widget> >, std::allocator<std::shared_ptr<netflix::gibbon::Widget> > >::_M_erase(std::_Rb_tree_node<std::shared_ptr<netflix::gibbon
1	IteratorsCache::Type>, std::pair<std::pair<std::string, netflix::gibbon::IteratorsCache::Type> const, std::vector<std::shared_ptr<icu_58::BreakIterator>, std::allocator<std::shared_ptr<icu_58::BreakIterator> > > >, std::_Select1st<std::pair<std::pair<std::string, netflix::gibbon::IteratorsCache::Type> const, std::vector<std::shared_ptr<icu_58::BreakIterator>, std::allocator<std::shared_ptr<icu_58::BreakIterator> > > > >, std::less<std::pair<std::string, netflix::gibbon::IteratorsCache::Type> >, std::allocator<std::pair<std::pair<std::string, netflix::gibbon::IteratorsCache::Type> const, std::vector<std::shared_ptr<icu_58::BreakIterator>, std::allocator<std::shared_ptr<icu_58::BreakIterator> > > > > >::_M_get_insert_unique_pos(std::pair<std::string, netflix::gibbon::IteratorsCache
1	IteratorsCache::Type>, std::pair<std::pair<std::string, netflix::gibbon::IteratorsCache::Type> const, std::vector<std::shared_ptr<icu_58::BreakIterator>, std::allocator<std::shared_ptr<icu_58::BreakIterator> > > >, std::_Select1st<std::pair<std::pair<std::string, netflix::gibbon::IteratorsCache::Type> const, std::vector<std::shared_ptr<icu_58::BreakIterator>, std::allocator<std::shared_ptr<icu_58::BreakIterator> > > > >, std::less<std::pair<std::string, netflix::gibbon::IteratorsCache::Type> >, std::allocator<std::pair<std::pair<std::string, netflix::gibbon::IteratorsCache::Type> const, std::vector<std::shared_ptr<icu_58::BreakIterator>, std::allocator<std::shared_ptr<icu_58::BreakIterator> > > > > >::_M_erase(std::_Rb_tree_node<std::pair<std::pair<std::string, netflix::gibbon::IteratorsCache::Type> const, std::vector<std::shared_ptr<icu_58::BreakIterator>, std::allocator<std::shared_ptr<icu_58
1	SurfaceCache::Listener>, std::weak_ptr<netflix::gibbon::SurfaceCache::Listener>, std::_Identity<std::weak_ptr<netflix::gibbon::SurfaceCache::Listener> >, std::owner_less<std::weak_ptr<netflix::gibbon::SurfaceCache::Listener> >, std::allocator<std::weak_ptr<netflix::gibbon::SurfaceCache::Listener> > >::_M_erase_aux(std::_Rb_tree_const_iterator<std::weak_ptr<netflix::gibbon::SurfaceCache
1	SurfaceCache::Listener>, std::weak_ptr<netflix::gibbon::SurfaceCache::Listener>, std::_Identity<std::weak_ptr<netflix::gibbon::SurfaceCache::Listener> >, std::owner_less<std::weak_ptr<netflix::gibbon::SurfaceCache::Listener> >, std::allocator<std::weak_ptr<netflix::gibbon::SurfaceCache::Listener> > >::_M_erase(std::_Rb_tree_node<std::weak_ptr<netflix::gibbon::SurfaceCache
1	GibbonBaseBridge> >, bool> std::_Rb_tree<std::weak_ptr<netflix::gibbon::GibbonBaseBridge>, std::weak_ptr<netflix::gibbon::GibbonBaseBridge>, std::_Identity<std::weak_ptr<netflix::gibbon::GibbonBaseBridge> >, std::owner_less<std::weak_ptr<netflix::gibbon::GibbonBaseBridge> >, std::allocator<std::weak_ptr<netflix::gibbon::GibbonBaseBridge> > >::_M_insert_unique<std::weak_ptr<netflix::gibbon::GibbonBaseBridge> >(std::weak_ptr<netflix::gibbon
1	GibbonBaseBridge>, std::weak_ptr<netflix::gibbon::GibbonBaseBridge>, std::_Identity<std::weak_ptr<netflix::gibbon::GibbonBaseBridge> >, std::owner_less<std::weak_ptr<netflix::gibbon::GibbonBaseBridge> >, std::allocator<std::weak_ptr<netflix::gibbon::GibbonBaseBridge> > >::_M_erase(std::_Rb_tree_node<std::weak_ptr<netflix::gibbon
1	Image::Listener>, std::weak_ptr<netflix::gibbon::Image::Listener>, std::_Identity<std::weak_ptr<netflix::gibbon::Image::Listener> >, std::owner_less<std::weak_ptr<netflix::gibbon::Image::Listener> >, std::allocator<std::weak_ptr<netflix::gibbon::Image::Listener> > >::_M_erase_aux(std::_Rb_tree_const_iterator<std::weak_ptr<netflix::gibbon::Image
1	Image::Listener>, std::weak_ptr<netflix::gibbon::Image::Listener>, std::_Identity<std::weak_ptr<netflix::gibbon::Image::Listener> >, std::owner_less<std::weak_ptr<netflix::gibbon::Image::Listener> >, std::allocator<std::weak_ptr<netflix::gibbon::Image::Listener> > >::_M_erase(std::_Rb_tree_node<std::weak_ptr<netflix::gibbon::Image
1	Effect::Listener>, std::weak_ptr<netflix::gibbon::Effect::Listener>, std::_Identity<std::weak_ptr<netflix::gibbon::Effect::Listener> >, std::owner_less<std::weak_ptr<netflix::gibbon::Effect::Listener> >, std::allocator<std::weak_ptr<netflix::gibbon::Effect::Listener> > >::_M_erase_aux(std::_Rb_tree_const_iterator<std::weak_ptr<netflix::gibbon::Effect
1	Effect::Listener>, std::weak_ptr<netflix::gibbon::Effect::Listener>, std::_Identity<std::weak_ptr<netflix::gibbon::Effect::Listener> >, std::owner_less<std::weak_ptr<netflix::gibbon::Effect::Listener> >, std::allocator<std::weak_ptr<netflix::gibbon::Effect::Listener> > >::_M_erase(std::_Rb_tree_node<std::weak_ptr<netflix::gibbon::Effect
1	Screen::Listener>, std::weak_ptr<netflix::gibbon::Screen::Listener>, std::_Identity<std::weak_ptr<netflix::gibbon::Screen::Listener> >, std::owner_less<std::weak_ptr<netflix::gibbon::Screen::Listener> >, std::allocator<std::weak_ptr<netflix::gibbon::Screen::Listener> > >::_M_erase_aux(std::_Rb_tree_const_iterator<std::weak_ptr<netflix::gibbon::Screen
1	Screen::Listener>, std::weak_ptr<netflix::gibbon::Screen::Listener>, std::_Identity<std::weak_ptr<netflix::gibbon::Screen::Listener> >, std::owner_less<std::weak_ptr<netflix::gibbon::Screen::Listener> >, std::allocator<std::weak_ptr<netflix::gibbon::Screen::Listener> > >::_M_erase(std::_Rb_tree_node<std::weak_ptr<netflix::gibbon::Screen
1	Surface::Listener>, std::weak_ptr<netflix::gibbon::Surface::Listener>, std::_Identity<std::weak_ptr<netflix::gibbon::Surface::Listener> >, std::owner_less<std::weak_ptr<netflix::gibbon::Surface::Listener> >, std::allocator<std::weak_ptr<netflix::gibbon::Surface::Listener> > >::_M_erase_aux(std::_Rb_tree_const_iterator<std::weak_ptr<netflix::gibbon::Surface
1	Surface::Listener>, std::weak_ptr<netflix::gibbon::Surface::Listener>, std::_Identity<std::weak_ptr<netflix::gibbon::Surface::Listener> >, std::owner_less<std::weak_ptr<netflix::gibbon::Surface::Listener> >, std::allocator<std::weak_ptr<netflix::gibbon::Surface::Listener> > >::_M_erase(std::_Rb_tree_node<std::weak_ptr<netflix::gibbon::Surface
1	Changes<(unsigned char)1> >, std::_Select1st<std::pair<int const, netflix::gibbon::Changes<(unsigned char)1> > >, std::less<int>, std::allocator<std::pair<int const, netflix::gibbon::Changes<(unsigned char)1> > > >
1	Changes<(unsigned char)1> >, std::_Select1st<std::pair<int const, netflix::gibbon::Changes<(unsigned char)1> > >, std::less<int>, std::allocator<std::pair<int const, netflix::gibbon::Changes<(unsigned char)1> > > >::_M_erase(std::_Rb_tree_node<std::pair<int const, netflix::gibbon
1	Changes<(unsigned char)4> >, std::_Select1st<std::pair<int const, netflix::gibbon::Changes<(unsigned char)4> > >, std::less<int>, std::allocator<std::pair<int const, netflix::gibbon::Changes<(unsigned char)4> > > >
1	Changes<(unsigned char)4> >, std::_Select1st<std::pair<int const, netflix::gibbon::Changes<(unsigned char)4> > >, std::less<int>, std::allocator<std::pair<int const, netflix::gibbon::Changes<(unsigned char)4> > > >::_M_erase(std::_Rb_tree_node<std::pair<int const, netflix::gibbon
1	Changes<(unsigned char)8> >, std::_Select1st<std::pair<int const, netflix::gibbon::Changes<(unsigned char)8> > >, std::less<int>, std::allocator<std::pair<int const, netflix::gibbon::Changes<(unsigned char)8> > > >
1	Changes<(unsigned char)8> >, std::_Select1st<std::pair<int const, netflix::gibbon::Changes<(unsigned char)8> > >, std::less<int>, std::allocator<std::pair<int const, netflix::gibbon::Changes<(unsigned char)8> > > >::_M_erase(std::_Rb_tree_node<std::pair<int const, netflix::gibbon
1	GibbonBridgeTask> >, std::_Select1st<std::pair<int const, std::shared_ptr<netflix::gibbon::GibbonBridgeTask> > >, std::less<int>, std::allocator<std::pair<int const, std::shared_ptr<netflix::gibbon::GibbonBridgeTask> > > >::_M_erase_aux(std::_Rb_tree_const_iterator<std::pair<int const, std::shared_ptr<netflix::gibbon
1	GibbonBridgeTask> >, std::_Select1st<std::pair<int const, std::shared_ptr<netflix::gibbon::GibbonBridgeTask> > >, std::less<int>, std::allocator<std::pair<int const, std::shared_ptr<netflix::gibbon::GibbonBridgeTask> > > >::_M_erase(std::_Rb_tree_node<std::pair<int const, std::shared_ptr<netflix::gibbon
1	GibbonBridgeTimer> >, std::_Select1st<std::pair<int const, std::shared_ptr<netflix::gibbon::GibbonBridgeTimer> > >, std::less<int>, std::allocator<std::pair<int const, std::shared_ptr<netflix::gibbon::GibbonBridgeTimer> > > >::_M_erase_aux(std::_Rb_tree_const_iterator<std::pair<int const, std::shared_ptr<netflix::gibbon
1	GibbonBridgeTimer> >, std::_Select1st<std::pair<int const, std::shared_ptr<netflix::gibbon::GibbonBridgeTimer> > >, std::less<int>, std::allocator<std::pair<int const, std::shared_ptr<netflix::gibbon::GibbonBridgeTimer> > > >::_M_erase(std::_Rb_tree_node<std::pair<int const, std::shared_ptr<netflix::gibbon
1	GibbonBridgeRequest> >, std::_Select1st<std::pair<int const, std::shared_ptr<netflix::gibbon::GibbonBridgeRequest> > >, std::less<int>, std::allocator<std::pair<int const, std::shared_ptr<netflix::gibbon::GibbonBridgeRequest> > > >
1	GibbonBridgeRequest> >, std::_Select1st<std::pair<int const, std::shared_ptr<netflix::gibbon::GibbonBridgeRequest> > >, std::less<int>, std::allocator<std::pair<int const, std::shared_ptr<netflix::gibbon::GibbonBridgeRequest> > > >::_M_erase(std::_Rb_tree_node<std::pair<int const, std::shared_ptr<netflix::gibbon
1	Animation::Task> >, std::_Select1st<std::pair<int const, std::shared_ptr<netflix::gibbon::Animation::Task> > >, std::less<int>, std::allocator<std::pair<int const, std::shared_ptr<netflix::gibbon::Animation::Task> > > >::_M_copy(std::_Rb_tree_node<std::pair<int const, std::shared_ptr<netflix::gibbon::Animation::Task> > > const*, std::_Rb_tree_node<std::pair<int const, std::shared_ptr<netflix::gibbon::Animation
1	Animation::Task> >, std::_Select1st<std::pair<int const, std::shared_ptr<netflix::gibbon::Animation::Task> > >, std::less<int>, std::allocator<std::pair<int const, std::shared_ptr<netflix::gibbon::Animation::Task> > > >::_M_erase(std::_Rb_tree_node<std::pair<int const, std::shared_ptr<netflix::gibbon::Animation
1	WidgetBridge> >, std::_Select1st<std::pair<int const, std::weak_ptr<netflix::gibbon::WidgetBridge> > >, std::less<int>, std::allocator<std::pair<int const, std::weak_ptr<netflix::gibbon::WidgetBridge> > > >
1	WidgetBridge> >, std::_Select1st<std::pair<int const, std::weak_ptr<netflix::gibbon::WidgetBridge> > >, std::less<int>, std::allocator<std::pair<int const, std::weak_ptr<netflix::gibbon::WidgetBridge> > > >::_M_erase(std::_Rb_tree_node<std::pair<int const, std::weak_ptr<netflix::gibbon
1	Widget> >, std::_Select1st<std::pair<int const, std::weak_ptr<netflix::gibbon::Widget> > >, std::less<int>, std::allocator<std::pair<int const, std::weak_ptr<netflix::gibbon::Widget> > > >
1	Widget> >, std::_Select1st<std::pair<int const, std::weak_ptr<netflix::gibbon::Widget> > >, std::less<int>, std::allocator<std::pair<int const, std::weak_ptr<netflix::gibbon::Widget> > > >::_M_erase(std::_Rb_tree_node<std::pair<int const, std::weak_ptr<netflix::gibbon
1	OpenGLState::TexParams>, std::_Select1st<std::pair<unsigned int const, netflix::gibbon::OpenGLState::TexParams> >, std::less<unsigned int>, std::allocator<std::pair<unsigned int const, netflix::gibbon::OpenGLState::TexParams> > >
1	OpenGLState::TexParams>, std::_Select1st<std::pair<unsigned int const, netflix::gibbon::OpenGLState::TexParams> >, std::less<unsigned int>, std::allocator<std::pair<unsigned int const, netflix::gibbon::OpenGLState::TexParams> > >::_M_erase(std::_Rb_tree_node<std::pair<unsigned int const, netflix::gibbon::OpenGLState
1	GibbonJSSyncEvent::WidgetChanges>, std::allocator<std::pair<int const, netflix::gibbon::GibbonJSSyncEvent::WidgetChanges> >, std::__detail::_Select1st, std::equal_to<int>, std::hash<int>, std::__detail::_Mod_range_hashing, std::__detail::_Default_ranged_hash, std::__detail::_Prime_rehash_policy, std::__detail::_Hashtable_traits<false, false, true>, true>
1	Changes<(unsigned char)37> >, std::allocator<std::pair<int const, netflix::gibbon::Changes<(unsigned char)37> > >, std::__detail::_Select1st, std::equal_to<int>, std::hash<int>, std::__detail::_Mod_range_hashing, std::__detail::_Default_ranged_hash, std::__detail::_Prime_rehash_policy, std::__detail::_Hashtable_traits<false, false, true>, true>
1	FontManager::Match*, std::vector<netflix::gibbon::FontManager::Match, std::allocator<netflix::gibbon::FontManager::Match> > >, bool (*)(netflix::gibbon::FontManager::Match const&, netflix::gibbon::FontManager::Match const&)>(__gnu_cxx::__normal_iterator<netflix::gibbon::FontManager::Match*, std::vector<netflix::gibbon::FontManager::Match, std::allocator<netflix::gibbon::FontManager::Match> > >, __gnu_cxx::__normal_iterator<netflix::gibbon::FontManager::Match*, std::vector<netflix::gibbon::FontManager::Match, std::allocator<netflix::gibbon::FontManager::Match> > >, __gnu_cxx::__normal_iterator<netflix::gibbon::FontManager::Match*, std::vector<netflix::gibbon::FontManager::Match, std::allocator<netflix::gibbon::FontManager::Match> > >, bool (*)(netflix::gibbon::FontManager::Match const&, netflix::gibbon::FontManager
1	TextDirectionRun>*, std::vector<std::shared_ptr<netflix::gibbon::TextDirectionRun>, std::allocator<std::shared_ptr<netflix::gibbon::TextDirectionRun> > > > std::lower_bound<__gnu_cxx::__normal_iterator<std::shared_ptr<netflix::gibbon::TextDirectionRun>*, std::vector<std::shared_ptr<netflix::gibbon::TextDirectionRun>, std::allocator<std::shared_ptr<netflix::gibbon::TextDirectionRun> > > >, std::shared_ptr<netflix::gibbon::TextDirectionRun>, bool (*)(std::shared_ptr<netflix::gibbon::TextDirectionRun> const&, std::shared_ptr<netflix::gibbon::TextDirectionRun> const&)>(__gnu_cxx::__normal_iterator<std::shared_ptr<netflix::gibbon::TextDirectionRun>*, std::vector<std::shared_ptr<netflix::gibbon::TextDirectionRun>, std::allocator<std::shared_ptr<netflix::gibbon::TextDirectionRun> > > >, __gnu_cxx::__normal_iterator<std::shared_ptr<netflix::gibbon::TextDirectionRun>*, std::vector<std::shared_ptr<netflix::gibbon::TextDirectionRun>, std::allocator<std::shared_ptr<netflix::gibbon::TextDirectionRun> > > >, std::shared_ptr<netflix::gibbon::TextDirectionRun> const&, bool (*)(std::shared_ptr<netflix::gibbon::TextDirectionRun> const&, std::shared_ptr<netflix::gibbon
1	Widget>*, std::vector<std::shared_ptr<netflix::gibbon::Widget>, std::allocator<std::shared_ptr<netflix::gibbon::Widget> > > > std::lower_bound<__gnu_cxx::__normal_iterator<std::shared_ptr<netflix::gibbon::Widget>*, std::vector<std::shared_ptr<netflix::gibbon::Widget>, std::allocator<std::shared_ptr<netflix::gibbon::Widget> > > >, std::shared_ptr<netflix::gibbon::Widget>, bool (*)(std::shared_ptr<netflix::gibbon::Widget> const&, std::shared_ptr<netflix::gibbon::Widget> const&)>(__gnu_cxx::__normal_iterator<std::shared_ptr<netflix::gibbon::Widget>*, std::vector<std::shared_ptr<netflix::gibbon::Widget>, std::allocator<std::shared_ptr<netflix::gibbon::Widget> > > >, __gnu_cxx::__normal_iterator<std::shared_ptr<netflix::gibbon::Widget>*, std::vector<std::shared_ptr<netflix::gibbon::Widget>, std::allocator<std::shared_ptr<netflix::gibbon::Widget> > > >, std::shared_ptr<netflix::gibbon::Widget> const&, bool (*)(std::shared_ptr<netflix::gibbon::Widget> const&, std::shared_ptr<netflix::gibbon
1	TextWordBreakRun const*, std::vector<netflix::gibbon::TextWordBreakRun, std::allocator<netflix::gibbon::TextWordBreakRun> > > std::upper_bound<__gnu_cxx::__normal_iterator<netflix::gibbon::TextWordBreakRun const*, std::vector<netflix::gibbon::TextWordBreakRun, std::allocator<netflix::gibbon::TextWordBreakRun> > >, netflix::gibbon::TextWordBreakRun, bool (*)(netflix::gibbon::TextWordBreakRun const&, netflix::gibbon::TextWordBreakRun const&)>(__gnu_cxx::__normal_iterator<netflix::gibbon::TextWordBreakRun const*, std::vector<netflix::gibbon::TextWordBreakRun, std::allocator<netflix::gibbon::TextWordBreakRun> > >, __gnu_cxx::__normal_iterator<netflix::gibbon::TextWordBreakRun const*, std::vector<netflix::gibbon::TextWordBreakRun, std::allocator<netflix::gibbon::TextWordBreakRun> > >, netflix::gibbon::TextWordBreakRun const&, bool (*)(netflix::gibbon::TextWordBreakRun const&, netflix::gibbon
1	TextDirectionRun>*, std::vector<std::shared_ptr<netflix::gibbon::TextDirectionRun>, std::allocator<std::shared_ptr<netflix::gibbon::TextDirectionRun> > > > std::upper_bound<__gnu_cxx::__normal_iterator<std::shared_ptr<netflix::gibbon::TextDirectionRun>*, std::vector<std::shared_ptr<netflix::gibbon::TextDirectionRun>, std::allocator<std::shared_ptr<netflix::gibbon::TextDirectionRun> > > >, std::shared_ptr<netflix::gibbon::TextDirectionRun>, bool (*)(std::shared_ptr<netflix::gibbon::TextDirectionRun> const&, std::shared_ptr<netflix::gibbon::TextDirectionRun> const&)>(__gnu_cxx::__normal_iterator<std::shared_ptr<netflix::gibbon::TextDirectionRun>*, std::vector<std::shared_ptr<netflix::gibbon::TextDirectionRun>, std::allocator<std::shared_ptr<netflix::gibbon::TextDirectionRun> > > >, __gnu_cxx::__normal_iterator<std::shared_ptr<netflix::gibbon::TextDirectionRun>*, std::vector<std::shared_ptr<netflix::gibbon::TextDirectionRun>, std::allocator<std::shared_ptr<netflix::gibbon::TextDirectionRun> > > >, std::shared_ptr<netflix::gibbon::TextDirectionRun> const&, bool (*)(std::shared_ptr<netflix::gibbon::TextDirectionRun> const&, std::shared_ptr<netflix::gibbon
1	Widget>*, std::vector<std::shared_ptr<netflix::gibbon::Widget>, std::allocator<std::shared_ptr<netflix::gibbon::Widget> > > > std::upper_bound<__gnu_cxx::__normal_iterator<std::shared_ptr<netflix::gibbon::Widget>*, std::vector<std::shared_ptr<netflix::gibbon::Widget>, std::allocator<std::shared_ptr<netflix::gibbon::Widget> > > >, std::shared_ptr<netflix::gibbon::Widget>, bool (*)(std::shared_ptr<netflix::gibbon::Widget> const&, std::shared_ptr<netflix::gibbon::Widget> const&)>(__gnu_cxx::__normal_iterator<std::shared_ptr<netflix::gibbon::Widget>*, std::vector<std::shared_ptr<netflix::gibbon::Widget>, std::allocator<std::shared_ptr<netflix::gibbon::Widget> > > >, __gnu_cxx::__normal_iterator<std::shared_ptr<netflix::gibbon::Widget>*, std::vector<std::shared_ptr<netflix::gibbon::Widget>, std::allocator<std::shared_ptr<netflix::gibbon::Widget> > > >, std::shared_ptr<netflix::gibbon::Widget> const&, bool (*)(std::shared_ptr<netflix::gibbon::Widget> const&, std::shared_ptr<netflix::gibbon
1	TextDirectionRun>* std::__move_merge<__gnu_cxx::__normal_iterator<std::shared_ptr<netflix::gibbon::TextDirectionRun>*, std::vector<std::shared_ptr<netflix::gibbon::TextDirectionRun>, std::allocator<std::shared_ptr<netflix::gibbon::TextDirectionRun> > > >, __gnu_cxx::__normal_iterator<std::shared_ptr<netflix::gibbon::TextDirectionRun>*, std::vector<std::shared_ptr<netflix::gibbon::TextDirectionRun>, std::allocator<std::shared_ptr<netflix::gibbon::TextDirectionRun> > > >, std::shared_ptr<netflix::gibbon::TextDirectionRun>*, bool (*)(std::shared_ptr<netflix::gibbon::TextDirectionRun> const&, std::shared_ptr<netflix::gibbon::TextDirectionRun> const&)>(__gnu_cxx::__normal_iterator<std::shared_ptr<netflix::gibbon::TextDirectionRun>*, std::vector<std::shared_ptr<netflix::gibbon::TextDirectionRun>, std::allocator<std::shared_ptr<netflix::gibbon::TextDirectionRun> > > >, __gnu_cxx::__normal_iterator<std::shared_ptr<netflix::gibbon::TextDirectionRun>*, std::vector<std::shared_ptr<netflix::gibbon::TextDirectionRun>, std::allocator<std::shared_ptr<netflix::gibbon::TextDirectionRun> > > >, __gnu_cxx::__normal_iterator<std::shared_ptr<netflix::gibbon::TextDirectionRun>*, std::vector<std::shared_ptr<netflix::gibbon::TextDirectionRun>, std::allocator<std::shared_ptr<netflix::gibbon::TextDirectionRun> > > >, __gnu_cxx::__normal_iterator<std::shared_ptr<netflix::gibbon::TextDirectionRun>*, std::vector<std::shared_ptr<netflix::gibbon::TextDirectionRun>, std::allocator<std::shared_ptr<netflix::gibbon::TextDirectionRun> > > >, std::shared_ptr<netflix::gibbon::TextDirectionRun>*, bool (*)(std::shared_ptr<netflix::gibbon::TextDirectionRun> const&, std::shared_ptr<netflix::gibbon
1	Widget>* std::__move_merge<__gnu_cxx::__normal_iterator<std::shared_ptr<netflix::gibbon::Widget>*, std::vector<std::shared_ptr<netflix::gibbon::Widget>, std::allocator<std::shared_ptr<netflix::gibbon::Widget> > > >, __gnu_cxx::__normal_iterator<std::shared_ptr<netflix::gibbon::Widget>*, std::vector<std::shared_ptr<netflix::gibbon::Widget>, std::allocator<std::shared_ptr<netflix::gibbon::Widget> > > >, std::shared_ptr<netflix::gibbon::Widget>*, bool (*)(std::shared_ptr<netflix::gibbon::Widget> const&, std::shared_ptr<netflix::gibbon::Widget> const&)>(__gnu_cxx::__normal_iterator<std::shared_ptr<netflix::gibbon::Widget>*, std::vector<std::shared_ptr<netflix::gibbon::Widget>, std::allocator<std::shared_ptr<netflix::gibbon::Widget> > > >, __gnu_cxx::__normal_iterator<std::shared_ptr<netflix::gibbon::Widget>*, std::vector<std::shared_ptr<netflix::gibbon::Widget>, std::allocator<std::shared_ptr<netflix::gibbon::Widget> > > >, __gnu_cxx::__normal_iterator<std::shared_ptr<netflix::gibbon::Widget>*, std::vector<std::shared_ptr<netflix::gibbon::Widget>, std::allocator<std::shared_ptr<netflix::gibbon::Widget> > > >, __gnu_cxx::__normal_iterator<std::shared_ptr<netflix::gibbon::Widget>*, std::vector<std::shared_ptr<netflix::gibbon::Widget>, std::allocator<std::shared_ptr<netflix::gibbon::Widget> > > >, std::shared_ptr<netflix::gibbon::Widget>*, bool (*)(std::shared_ptr<netflix::gibbon::Widget> const&, std::shared_ptr<netflix::gibbon
1	TextDirectionRun>*, std::vector<std::shared_ptr<netflix::gibbon::TextDirectionRun>, std::allocator<std::shared_ptr<netflix::gibbon::TextDirectionRun> > > > std::__move_merge<std::shared_ptr<netflix::gibbon::TextDirectionRun>*, std::shared_ptr<netflix::gibbon::TextDirectionRun>*, __gnu_cxx::__normal_iterator<std::shared_ptr<netflix::gibbon::TextDirectionRun>*, std::vector<std::shared_ptr<netflix::gibbon::TextDirectionRun>, std::allocator<std::shared_ptr<netflix::gibbon::TextDirectionRun> > > >, bool (*)(std::shared_ptr<netflix::gibbon::TextDirectionRun> const&, std::shared_ptr<netflix::gibbon::TextDirectionRun> const&)>(std::shared_ptr<netflix::gibbon::TextDirectionRun>*, std::shared_ptr<netflix::gibbon::TextDirectionRun>*, std::shared_ptr<netflix::gibbon::TextDirectionRun>*, std::shared_ptr<netflix::gibbon::TextDirectionRun>*, __gnu_cxx::__normal_iterator<std::shared_ptr<netflix::gibbon::TextDirectionRun>*, std::vector<std::shared_ptr<netflix::gibbon::TextDirectionRun>, std::allocator<std::shared_ptr<netflix::gibbon::TextDirectionRun> > > >, bool (*)(std::shared_ptr<netflix::gibbon::TextDirectionRun> const&, std::shared_ptr<netflix::gibbon
1	Widget>*, std::vector<std::shared_ptr<netflix::gibbon::Widget>, std::allocator<std::shared_ptr<netflix::gibbon::Widget> > > > std::__move_merge<std::shared_ptr<netflix::gibbon::Widget>*, std::shared_ptr<netflix::gibbon::Widget>*, __gnu_cxx::__normal_iterator<std::shared_ptr<netflix::gibbon::Widget>*, std::vector<std::shared_ptr<netflix::gibbon::Widget>, std::allocator<std::shared_ptr<netflix::gibbon::Widget> > > >, bool (*)(std::shared_ptr<netflix::gibbon::Widget> const&, std::shared_ptr<netflix::gibbon::Widget> const&)>(std::shared_ptr<netflix::gibbon::Widget>*, std::shared_ptr<netflix::gibbon::Widget>*, std::shared_ptr<netflix::gibbon::Widget>*, std::shared_ptr<netflix::gibbon::Widget>*, __gnu_cxx::__normal_iterator<std::shared_ptr<netflix::gibbon::Widget>*, std::vector<std::shared_ptr<netflix::gibbon::Widget>, std::allocator<std::shared_ptr<netflix::gibbon::Widget> > > >, bool (*)(std::shared_ptr<netflix::gibbon::Widget> const&, std::shared_ptr<netflix::gibbon
1	FontManager::Match*, std::vector<netflix::gibbon::FontManager::Match, std::allocator<netflix::gibbon::FontManager::Match> > >, int, netflix::gibbon::FontManager::Match, bool (*)(netflix::gibbon::FontManager::Match const&, netflix::gibbon::FontManager::Match const&)>(__gnu_cxx::__normal_iterator<netflix::gibbon::FontManager::Match*, std::vector<netflix::gibbon::FontManager::Match, std::allocator<netflix::gibbon::FontManager::Match> > >, int, int, netflix::gibbon::FontManager::Match, bool (*)(netflix::gibbon::FontManager::Match const&, netflix::gibbon::FontManager
1	FontManager::Match*, std::vector<netflix::gibbon::FontManager::Match, std::allocator<netflix::gibbon::FontManager::Match> > >, bool (*)(netflix::gibbon::FontManager::Match const&, netflix::gibbon::FontManager::Match const&)>(__gnu_cxx::__normal_iterator<netflix::gibbon::FontManager::Match*, std::vector<netflix::gibbon::FontManager::Match, std::allocator<netflix::gibbon::FontManager::Match> > >, __gnu_cxx::__normal_iterator<netflix::gibbon::FontManager::Match*, std::vector<netflix::gibbon::FontManager::Match, std::allocator<netflix::gibbon::FontManager::Match> > >, bool (*)(netflix::gibbon::FontManager::Match const&, netflix::gibbon::FontManager
1	FontManager::Match*, std::vector<netflix::gibbon::FontManager::Match, std::allocator<netflix::gibbon::FontManager::Match> > >, int, bool (*)(netflix::gibbon::FontManager::Match const&, netflix::gibbon::FontManager::Match const&)>(__gnu_cxx::__normal_iterator<netflix::gibbon::FontManager::Match*, std::vector<netflix::gibbon::FontManager::Match, std::allocator<netflix::gibbon::FontManager::Match> > >, __gnu_cxx::__normal_iterator<netflix::gibbon::FontManager::Match*, std::vector<netflix::gibbon::FontManager::Match, std::allocator<netflix::gibbon::FontManager::Match> > >, int, bool (*)(netflix::gibbon::FontManager::Match const&, netflix::gibbon::FontManager
1	TextDirectionRun>*, std::vector<std::shared_ptr<netflix::gibbon::TextDirectionRun>, std::allocator<std::shared_ptr<netflix::gibbon::TextDirectionRun> > > >, int, std::shared_ptr<netflix::gibbon::TextDirectionRun>*, bool (*)(std::shared_ptr<netflix::gibbon::TextDirectionRun> const&, std::shared_ptr<netflix::gibbon::TextDirectionRun> const&)>(__gnu_cxx::__normal_iterator<std::shared_ptr<netflix::gibbon::TextDirectionRun>*, std::vector<std::shared_ptr<netflix::gibbon::TextDirectionRun>, std::allocator<std::shared_ptr<netflix::gibbon::TextDirectionRun> > > >, __gnu_cxx::__normal_iterator<std::shared_ptr<netflix::gibbon::TextDirectionRun>*, std::vector<std::shared_ptr<netflix::gibbon::TextDirectionRun>, std::allocator<std::shared_ptr<netflix::gibbon::TextDirectionRun> > > >, __gnu_cxx::__normal_iterator<std::shared_ptr<netflix::gibbon::TextDirectionRun>*, std::vector<std::shared_ptr<netflix::gibbon::TextDirectionRun>, std::allocator<std::shared_ptr<netflix::gibbon::TextDirectionRun> > > >, int, int, std::shared_ptr<netflix::gibbon::TextDirectionRun>*, int, bool (*)(std::shared_ptr<netflix::gibbon::TextDirectionRun> const&, std::shared_ptr<netflix::gibbon
1	Widget>*, std::vector<std::shared_ptr<netflix::gibbon::Widget>, std::allocator<std::shared_ptr<netflix::gibbon::Widget> > > >, int, std::shared_ptr<netflix::gibbon::Widget>*, bool (*)(std::shared_ptr<netflix::gibbon::Widget> const&, std::shared_ptr<netflix::gibbon::Widget> const&)>(__gnu_cxx::__normal_iterator<std::shared_ptr<netflix::gibbon::Widget>*, std::vector<std::shared_ptr<netflix::gibbon::Widget>, std::allocator<std::shared_ptr<netflix::gibbon::Widget> > > >, __gnu_cxx::__normal_iterator<std::shared_ptr<netflix::gibbon::Widget>*, std::vector<std::shared_ptr<netflix::gibbon::Widget>, std::allocator<std::shared_ptr<netflix::gibbon::Widget> > > >, __gnu_cxx::__normal_iterator<std::shared_ptr<netflix::gibbon::Widget>*, std::vector<std::shared_ptr<netflix::gibbon::Widget>, std::allocator<std::shared_ptr<netflix::gibbon::Widget> > > >, int, int, std::shared_ptr<netflix::gibbon::Widget>*, int, bool (*)(std::shared_ptr<netflix::gibbon::Widget> const&, std::shared_ptr<netflix::gibbon
1	TextDirectionRun>*, std::vector<std::shared_ptr<netflix::gibbon::TextDirectionRun>, std::allocator<std::shared_ptr<netflix::gibbon::TextDirectionRun> > > >, int, bool (*)(std::shared_ptr<netflix::gibbon::TextDirectionRun> const&, std::shared_ptr<netflix::gibbon::TextDirectionRun> const&)>(__gnu_cxx::__normal_iterator<std::shared_ptr<netflix::gibbon::TextDirectionRun>*, std::vector<std::shared_ptr<netflix::gibbon::TextDirectionRun>, std::allocator<std::shared_ptr<netflix::gibbon::TextDirectionRun> > > >, __gnu_cxx::__normal_iterator<std::shared_ptr<netflix::gibbon::TextDirectionRun>*, std::vector<std::shared_ptr<netflix::gibbon::TextDirectionRun>, std::allocator<std::shared_ptr<netflix::gibbon::TextDirectionRun> > > >, __gnu_cxx::__normal_iterator<std::shared_ptr<netflix::gibbon::TextDirectionRun>*, std::vector<std::shared_ptr<netflix::gibbon::TextDirectionRun>, std::allocator<std::shared_ptr<netflix::gibbon::TextDirectionRun> > > >, int, int, bool (*)(std::shared_ptr<netflix::gibbon::TextDirectionRun> const&, std::shared_ptr<netflix::gibbon
1	Widget>*, std::vector<std::shared_ptr<netflix::gibbon::Widget>, std::allocator<std::shared_ptr<netflix::gibbon::Widget> > > >, int, bool (*)(std::shared_ptr<netflix::gibbon::Widget> const&, std::shared_ptr<netflix::gibbon::Widget> const&)>(__gnu_cxx::__normal_iterator<std::shared_ptr<netflix::gibbon::Widget>*, std::vector<std::shared_ptr<netflix::gibbon::Widget>, std::allocator<std::shared_ptr<netflix::gibbon::Widget> > > >, __gnu_cxx::__normal_iterator<std::shared_ptr<netflix::gibbon::Widget>*, std::vector<std::shared_ptr<netflix::gibbon::Widget>, std::allocator<std::shared_ptr<netflix::gibbon::Widget> > > >, __gnu_cxx::__normal_iterator<std::shared_ptr<netflix::gibbon::Widget>*, std::vector<std::shared_ptr<netflix::gibbon::Widget>, std::allocator<std::shared_ptr<netflix::gibbon::Widget> > > >, int, int, bool (*)(std::shared_ptr<netflix::gibbon::Widget> const&, std::shared_ptr<netflix::gibbon
1	TextDirectionRun>*, std::vector<std::shared_ptr<netflix::gibbon::TextDirectionRun>, std::allocator<std::shared_ptr<netflix::gibbon::TextDirectionRun> > > >, std::shared_ptr<netflix::gibbon::TextDirectionRun>*, int, bool (*)(std::shared_ptr<netflix::gibbon::TextDirectionRun> const&, std::shared_ptr<netflix::gibbon::TextDirectionRun> const&)>(__gnu_cxx::__normal_iterator<std::shared_ptr<netflix::gibbon::TextDirectionRun>*, std::vector<std::shared_ptr<netflix::gibbon::TextDirectionRun>, std::allocator<std::shared_ptr<netflix::gibbon::TextDirectionRun> > > >, __gnu_cxx::__normal_iterator<std::shared_ptr<netflix::gibbon::TextDirectionRun>*, std::vector<std::shared_ptr<netflix::gibbon::TextDirectionRun>, std::allocator<std::shared_ptr<netflix::gibbon::TextDirectionRun> > > >, std::shared_ptr<netflix::gibbon::TextDirectionRun>*, int, bool (*)(std::shared_ptr<netflix::gibbon::TextDirectionRun> const&, std::shared_ptr<netflix::gibbon
1	Widget>*, std::vector<std::shared_ptr<netflix::gibbon::Widget>, std::allocator<std::shared_ptr<netflix::gibbon::Widget> > > >, std::shared_ptr<netflix::gibbon::Widget>*, int, bool (*)(std::shared_ptr<netflix::gibbon::Widget> const&, std::shared_ptr<netflix::gibbon::Widget> const&)>(__gnu_cxx::__normal_iterator<std::shared_ptr<netflix::gibbon::Widget>*, std::vector<std::shared_ptr<netflix::gibbon::Widget>, std::allocator<std::shared_ptr<netflix::gibbon::Widget> > > >, __gnu_cxx::__normal_iterator<std::shared_ptr<netflix::gibbon::Widget>*, std::vector<std::shared_ptr<netflix::gibbon::Widget>, std::allocator<std::shared_ptr<netflix::gibbon::Widget> > > >, std::shared_ptr<netflix::gibbon::Widget>*, int, bool (*)(std::shared_ptr<netflix::gibbon::Widget> const&, std::shared_ptr<netflix::gibbon
1	TextDirectionRun>*, std::vector<std::shared_ptr<netflix::gibbon::TextDirectionRun>, std::allocator<std::shared_ptr<netflix::gibbon::TextDirectionRun> > > >, std::shared_ptr<netflix::gibbon::TextDirectionRun>*, bool (*)(std::shared_ptr<netflix::gibbon::TextDirectionRun> const&, std::shared_ptr<netflix::gibbon::TextDirectionRun> const&)>(__gnu_cxx::__normal_iterator<std::shared_ptr<netflix::gibbon::TextDirectionRun>*, std::vector<std::shared_ptr<netflix::gibbon::TextDirectionRun>, std::allocator<std::shared_ptr<netflix::gibbon::TextDirectionRun> > > >, __gnu_cxx::__normal_iterator<std::shared_ptr<netflix::gibbon::TextDirectionRun>*, std::vector<std::shared_ptr<netflix::gibbon::TextDirectionRun>, std::allocator<std::shared_ptr<netflix::gibbon::TextDirectionRun> > > >, std::shared_ptr<netflix::gibbon::TextDirectionRun>*, bool (*)(std::shared_ptr<netflix::gibbon::TextDirectionRun> const&, std::shared_ptr<netflix::gibbon
1	Widget>*, std::vector<std::shared_ptr<netflix::gibbon::Widget>, std::allocator<std::shared_ptr<netflix::gibbon::Widget> > > >, std::shared_ptr<netflix::gibbon::Widget>*, bool (*)(std::shared_ptr<netflix::gibbon::Widget> const&, std::shared_ptr<netflix::gibbon::Widget> const&)>(__gnu_cxx::__normal_iterator<std::shared_ptr<netflix::gibbon::Widget>*, std::vector<std::shared_ptr<netflix::gibbon::Widget>, std::allocator<std::shared_ptr<netflix::gibbon::Widget> > > >, __gnu_cxx::__normal_iterator<std::shared_ptr<netflix::gibbon::Widget>*, std::vector<std::shared_ptr<netflix::gibbon::Widget>, std::allocator<std::shared_ptr<netflix::gibbon::Widget> > > >, std::shared_ptr<netflix::gibbon::Widget>*, bool (*)(std::shared_ptr<netflix::gibbon::Widget> const&, std::shared_ptr<netflix::gibbon
1	FontManager::Match*, std::vector<netflix::gibbon::FontManager::Match, std::allocator<netflix::gibbon::FontManager::Match> > >, bool (*)(netflix::gibbon::FontManager::Match const&, netflix::gibbon::FontManager::Match const&)>(__gnu_cxx::__normal_iterator<netflix::gibbon::FontManager::Match*, std::vector<netflix::gibbon::FontManager::Match, std::allocator<netflix::gibbon::FontManager::Match> > >, bool (*)(netflix::gibbon::FontManager::Match const&, netflix::gibbon::FontManager
1	TextDirectionRun>*, std::vector<std::shared_ptr<netflix::gibbon::TextDirectionRun>, std::allocator<std::shared_ptr<netflix::gibbon::TextDirectionRun> > > >, bool (*)(std::shared_ptr<netflix::gibbon::TextDirectionRun> const&, std::shared_ptr<netflix::gibbon::TextDirectionRun> const&)>(__gnu_cxx::__normal_iterator<std::shared_ptr<netflix::gibbon::TextDirectionRun>*, std::vector<std::shared_ptr<netflix::gibbon::TextDirectionRun>, std::allocator<std::shared_ptr<netflix::gibbon::TextDirectionRun> > > >, bool (*)(std::shared_ptr<netflix::gibbon::TextDirectionRun> const&, std::shared_ptr<netflix::gibbon
1	Widget>*, std::vector<std::shared_ptr<netflix::gibbon::Widget>, std::allocator<std::shared_ptr<netflix::gibbon::Widget> > > >, bool (*)(std::shared_ptr<netflix::gibbon::Widget> const&, std::shared_ptr<netflix::gibbon::Widget> const&)>(__gnu_cxx::__normal_iterator<std::shared_ptr<netflix::gibbon::Widget>*, std::vector<std::shared_ptr<netflix::gibbon::Widget>, std::allocator<std::shared_ptr<netflix::gibbon::Widget> > > >, bool (*)(std::shared_ptr<netflix::gibbon::Widget> const&, std::shared_ptr<netflix::gibbon
1	FontManager::Match>(netflix::gibbon::FontManager::Match&, netflix::gibbon::FontManager
1	Widget>*, std::vector<std::shared_ptr<netflix::gibbon::Widget>, std::allocator<std::shared_ptr<netflix::gibbon::Widget> > > > std::remove<__gnu_cxx::__normal_iterator<std::shared_ptr<netflix::gibbon::Widget>*, std::vector<std::shared_ptr<netflix::gibbon::Widget>, std::allocator<std::shared_ptr<netflix::gibbon::Widget> > > >, std::shared_ptr<netflix::gibbon::Widget> >(__gnu_cxx::__normal_iterator<std::shared_ptr<netflix::gibbon::Widget>*, std::vector<std::shared_ptr<netflix::gibbon::Widget>, std::allocator<std::shared_ptr<netflix::gibbon::Widget> > > >, __gnu_cxx::__normal_iterator<std::shared_ptr<netflix::gibbon::Widget>*, std::vector<std::shared_ptr<netflix::gibbon::Widget>, std::allocator<std::shared_ptr<netflix::gibbon::Widget> > > >, std::shared_ptr<netflix::gibbon
1	TextDirectionRun>*, std::vector<std::shared_ptr<netflix::gibbon::TextDirectionRun>, std::allocator<std::shared_ptr<netflix::gibbon::TextDirectionRun> > > > >(__gnu_cxx::__normal_iterator<std::shared_ptr<netflix::gibbon::TextDirectionRun>*, std::vector<std::shared_ptr<netflix::gibbon::TextDirectionRun>, std::allocator<std::shared_ptr<netflix::gibbon::TextDirectionRun> > > >, __gnu_cxx::__normal_iterator<std::shared_ptr<netflix::gibbon::TextDirectionRun>*, std::vector<std::shared_ptr<netflix::gibbon::TextDirectionRun>, std::allocator<std::shared_ptr<netflix::gibbon::TextDirectionRun> > > >, __gnu_cxx::__normal_iterator<std::shared_ptr<netflix::gibbon::TextDirectionRun>*, std::vector<std::shared_ptr<netflix::gibbon::TextDirectionRun>, std::allocator<std::shared_ptr<netflix::gibbon::TextDirectionRun> > > >, std
1	Widget>*, std::vector<std::shared_ptr<netflix::gibbon::Widget>, std::allocator<std::shared_ptr<netflix::gibbon::Widget> > > > >(__gnu_cxx::__normal_iterator<std::shared_ptr<netflix::gibbon::Widget>*, std::vector<std::shared_ptr<netflix::gibbon::Widget>, std::allocator<std::shared_ptr<netflix::gibbon::Widget> > > >, __gnu_cxx::__normal_iterator<std::shared_ptr<netflix::gibbon::Widget>*, std::vector<std::shared_ptr<netflix::gibbon::Widget>, std::allocator<std::shared_ptr<netflix::gibbon::Widget> > > >, __gnu_cxx::__normal_iterator<std::shared_ptr<netflix::gibbon::Widget>*, std::vector<std::shared_ptr<netflix::gibbon::Widget>, std::allocator<std::shared_ptr<netflix::gibbon::Widget> > > >, std
1	IteratorsCache::Type>(std::pair<std::string, netflix::gibbon::IteratorsCache::Type> const&, std::pair<std::string, netflix::gibbon::IteratorsCache
1	Widget> const&, netflix::gibbon
